Date,lower_bb_sma,upper_bb_sma,lower_bb_ema,upper_bb_ema,SMA_10,EMA_10,Volume,Close,bs_signal
2008-01-15,1.0,1.0,1.0,1.0,1.0,1.0,1.0,1.0,0
2008-01-16,1.0032253258838573,0.9913122484271493,1.0078013510187447,0.9954474393391539,0.996967354369627,1.001311808105829,1.090476788236417,0.998035986717029,0
2008-01-17,1.009553191041123,0.9784247360391208,1.0182205620735105,0.9862571305010414,0.9932013302064704,1.0014300858087122,1.0261834128724365,0.9928312457185866,0
2008-01-18,1.0070175342829373,0.9849988101046863,1.0177825560317852,0.9947267767987471,0.9954510394634479,1.0056712934127807,2.0526849657161024,1.0154179078732712,0
2008-01-22,1.0080751305238123,0.986250472250099,1.017136247891759,0.9944386812498432,0.9966105790440598,1.0052131553068557,1.3009587686486952,0.9940096066667833,0
2008-01-23,1.0099028460684345,1.000654199626284,1.018947798272063,1.0088278007428526,1.0050445073066416,1.0136317364490772,1.6843458775019715,1.0419326749632076,0
2008-01-24,1.0132841320441972,1.0138238083351152,1.0221440915021376,1.0218302380970241,1.0135676254461115,1.0219792234673262,1.120056735783603,1.0498870815793957,0
2008-01-25,1.0191335479171053,1.0172164740517173,1.0258492683298859,1.0232852313683611,1.0181265038779919,1.0245023728425557,0.8620662640346379,1.0264165703442538,0
2008-01-28,1.0386991302432558,1.013327137941554,1.0408315478364896,1.0152541277618046,1.0253711546919917,1.0273956605255452,0.6757384238359345,1.0309339341229147,0
2008-01-29,1.0391185854573428,1.018928763890393,1.042561032551159,1.0220395807058158,1.0285128180809022,1.0317810589007321,0.5689152421682283,1.0419326749632076,0
2008-01-30,1.0439810011967134,1.0217417636726494,1.0463610097968075,1.0238924926663708,1.032298670125708,1.0345582375341211,0.6389870916556325,1.0375135079302298,0
2008-01-31,1.0500612043180046,1.0265861259065392,1.0518851195605716,1.0282343331416413,1.0377296827168794,1.0394612980722397,0.77858896619882,1.051851173231677,0
2008-02-01,1.0585373196163013,1.033981995705547,1.0599954524714996,1.0352996584267027,1.0456383421594164,1.0470226856767522,0.6919558349378028,1.0711971076708902,0
2008-02-04,1.0635830374160615,1.0379688626705712,1.064646046669792,1.038929466267761,1.0501278427780434,1.051137058065953,0.5146824884990756,1.059903776593548,0
2008-02-05,1.0817115443613838,1.0287560378049574,1.0768304060884553,1.0243451270185266,1.0538938748502074,1.0492597483361132,0.778098767581652,1.031326721105647,0
2008-02-06,1.0742252833994077,1.0307856167696727,1.0676323484760353,1.0248278163260705,1.0514063101035136,1.0451470130244807,0.7107528104213776,1.0172837244105593,0
2008-02-07,1.0627280956988467,1.0325532371385526,1.054988924895718,1.025559624160433,1.0468771616305956,1.0395296343509874,0.9678662187716229,1.0050083475070763,0
2008-02-08,1.0592013400128941,1.0333819441261876,1.0496911312050823,1.0247879071893036,1.0456383421594164,1.03660940089068,0.5232899421651127,1.0141412718100813,0
2008-02-11,1.0594436698337313,1.0334648189625073,1.0507990094736785,1.0256529473261997,1.0457969098495583,1.037589715637905,0.5243819761128672,1.0325051604231537,0
2008-02-12,1.0595508778770202,1.0341791914230312,1.0539403662655078,1.0291091719314984,1.0462230629883793,1.0408964733359736,0.6578270612490142,1.0461553701355093,0
2008-02-13,1.0588124073131036,1.0400725369645047,1.0567472455882838,1.0382063238768215,1.0489683031974313,1.0470076497248682,0.568227336411317,1.064715730609258,0
2008-02-14,1.0585617630919688,1.0384501165505131,1.0584398170558404,1.0383399182614983,1.047997061265924,1.0478812863528375,0.6312051577805734,1.0422272652002569,0
2008-02-15,1.0616014551741666,1.030194244719247,1.0653374896169268,1.0335703659640483,1.045103163353051,1.048650134428381,0.5361881751071996,1.0425218554373061,1
2008-02-19,1.0625179067882318,1.0238382043792191,1.067773467177919,1.0285874670952906,1.0421993554538571,1.0471889563187513,0.6342834702773827,1.031130327614281,1
2008-02-20,1.0617050540608537,1.02991197321608,1.0681564165162187,1.0357418396632907,1.0450040634898419,1.0511289524265572,0.6596156326583258,1.0591182026280836,1
2008-02-21,1.0665207894812234,1.031861562293554,1.0711348829108813,1.0360311541675136,1.0483142045552152,1.0526948001264311,0.7161098929446665,1.050083475070762,1
2008-02-22,1.0787046670913003,1.0316619136217418,1.080850418550228,1.033600952781455,1.0539929826224237,1.0560301475565994,0.680785915885929,1.061278609402421,0
2008-02-25,1.0859600592451117,1.0379535332473926,1.0876862595565804,1.0395134389799603,1.060742102484349,1.062380947807863,0.7014918956103013,1.0810174091936764,0
2008-02-26,1.0739452374093548,1.0662435249271573,1.0796602963324433,1.0714080201000864,1.069899507202401,1.0753253535120582,1.6038092781288964,1.123244674393933,0
2008-02-27,1.0635252593667888,1.0943940932303122,1.0739777063160663,1.1038395972122144,1.079740740521632,1.08966423763161,1.0193817118182915,1.1436708514049698,0
2008-02-28,1.061031328280034,1.109514694276198,1.074406085263948,1.1216009857409222,1.086499770369878,1.0991976929635634,0.6214540443523291,1.1316900647385362,0
2008-02-29,1.0691874943660595,1.1167280435264448,1.0800896741749597,1.1265799550736733,1.0941606722453854,1.1045111433217831,0.7287587929325575,1.118138130141174,0
2008-03-03,1.0802353606619577,1.1219697162048499,1.0879947081224253,1.1289815621094947,1.1021585294738179,1.1095252123637596,0.5447955465665257,1.121771566470067,0
2008-03-04,1.099909060102218,1.1243972829294908,1.103618479713757,1.1277493532993632,1.1127727891801236,1.116294492277344,0.7389225840495799,1.1363056252628803,0
2008-03-05,1.1126721749624062,1.1270890260930957,1.11373706273639,1.1280513272421235,1.1202453854975187,1.1212563842424883,0.725241825426322,1.1331631726624023,0
2008-03-06,1.1330851173668994,1.1191889356062517,1.1271436012041618,1.1138197990924752,1.1257854158472276,1.120144572248027,0.6894879072695148,1.1049789041572333,0
2008-03-07,1.155822488858109,1.1097165995270866,1.1454903289093799,1.1003797946228417,1.1316029416319364,1.1217936443555574,0.6986456526583965,1.1189237041066382,0
2008-03-10,1.1735741830247628,1.101089550746646,1.1606935701912624,1.089449799748763,1.1354978114352796,1.1232690266494527,0.8381529894840354,1.1196111596957297,0
2008-03-11,1.1728697892204578,1.1057069029926416,1.1637650281787,1.0974792547595034,1.137588945093108,1.1289449337603195,0.9012081673682598,1.1439654416420189,0
2008-03-12,1.1715386316955452,1.1080606804765891,1.1677893888726851,1.1046726232891866,1.1381934938037197,1.134633982763118,0.7810481799557514,1.1496612447381866,0
2008-03-13,1.1715045222429625,1.1093555686034966,1.1697570015838477,1.1077763964322123,1.1388575103412646,1.1371984235939696,0.8210928773886085,1.1382697169151617,0
2008-03-14,1.1738795723187425,1.1097940154624852,1.1716213164116982,1.1077533100405248,1.140215257557302,1.1380712815030922,0.8370609555362808,1.1315918679928532,0
2008-03-17,1.1757414360965848,1.1106018991150497,1.173464826852313,1.1085446084360004,1.141523462750742,1.1393620621365401,0.797996490924338,1.1347343989626413,0
2008-03-18,1.1717319364568908,1.1193190850433312,1.1731774254292233,1.120625321937928,1.1441993251465405,1.1455716646292524,0.8570015907820628,1.1628203923528169,0
2008-03-19,1.1720903468181243,1.1219195026731177,1.174479188302268,1.1240782136295193,1.1457354679343688,1.1480034212355559,0.8009286398891459,1.148384608674997,0
2008-03-20,1.18179267285211,1.1241132811251209,1.1828503873464444,1.125069100036849,1.1514935338011523,1.1524977222728705,0.9818048598470117,1.1620348183873526,0
2008-03-24,1.186737833833937,1.1293041449744583,1.1877095181341115,1.1301822214642019,1.1565677631577491,1.1574902750242417,0.7221290683176405,1.1692035726687657,0
2008-03-25,1.1963225228482566,1.1281139236975133,1.1953941774390817,1.1272750110197935,1.160492362920055,1.159610996764387,0.7260501640147192,1.1584995004348324,0
2008-03-26,1.1970559325450918,1.1282435547416731,1.1955049153671815,1.1268419557667113,1.1609086060725549,1.1594360786770839,0.8269573397316461,1.1480899400686375,0
2008-03-27,1.193500960819064,1.1285317557526775,1.19077905054817,1.1260720623979181,1.1593724632847267,1.156788296262601,0.7254997900851636,1.1344398087255922,0
2008-03-28,1.1887654126567913,1.1302829877390241,1.1833573884073536,1.1253959488638046,1.1580444381186445,1.1529100888824884,0.5675996059667933,1.125110490931221,0
2008-03-31,1.1884622257656197,1.1303871793411657,1.1808877873026924,1.1235424291109626,1.1579552482417566,1.150764116962993,0.8347048289948331,1.1307080972817058,0
2008-04-01,1.1906030229680287,1.1302260596271179,1.1827602089684044,1.123138787984195,1.1588868423189729,1.151440916744125,1.021144470320377,1.1439654416420189,0
2008-04-02,1.18610239510626,1.127501191474324,1.179412236124529,1.1214555331123968,1.1553190257912416,1.1489674247123105,0.6885593002630532,1.1274673695662345,0
2008-04-03,1.1850795893192847,1.1266897527460802,1.1795147249645623,1.1216609830545097,1.154407251686667,1.149123999295195,0.6064662812322819,1.1393499594869851,0
2008-04-04,1.1850182011496264,1.1218965318656187,1.1817775797773007,1.1189680977654815,1.1518602191130403,1.1487835905514354,0.4929876442491432,1.1367966089912955,0
2008-04-07,1.1900279209180824,1.1121811561959933,1.1904085192886489,1.1125250893861962,1.1491348067856373,1.1494961448386989,0.5315103666361762,1.142197821850414,0
2008-04-08,1.1934961560471724,1.1058397409699405,1.1961895195560028,1.1082736376326856,1.147450006293988,1.1500070711732169,0.626278016355354,1.1418050348676818,0
2008-04-09,1.1937870711680056,1.1053127222504402,1.198015865024341,1.109134132624728,1.1473112585764882,1.1513260527979445,0.5863623012519178,1.1467151072597648,0
2008-04-10,1.1881526377742953,1.1165548192804446,1.1939299901356966,1.1217756068146247,1.1505421118422865,1.1560270992083932,0.7867320341549154,1.16645390705102,0
2008-04-11,1.192079102859685,1.115704514441967,1.1951386514480182,1.118469319517196,1.1519593268852566,1.154864045916264,0.8217722336475849,1.139153487626309,1
2008-04-14,1.1948996245189547,1.117193122008259,1.1971523592153182,1.1192288381087976,1.1540801905020477,1.1562189247484296,0.6660303867242081,1.151723454766841,0
2008-04-15,1.1951183454886718,1.118278386520456,1.197620085703955,1.1205391200386277,1.154754109116906,1.1571292478683153,0.7431101939034352,1.150643212195017,0
2008-04-16,1.192830886944043,1.1310238967770259,1.1964720640157827,1.1343142987945463,1.1603635093708609,1.1638204233665663,1.661094613594343,1.1830501758724876,0
2008-04-17,1.183060149352057,1.1531730856780134,1.19005162313495,1.1594910314926292,1.1673603947088236,1.1739980624449724,1.6336988161493768,1.208681172251277,0
2008-04-18,1.1788983310213006,1.1732346052639735,1.1881469628697219,1.1815922644202776,1.1759231607025844,1.1847037622080914,1.0740616699948053,1.2216439263745411,0
2008-04-21,1.1802254313407559,1.1872039920284385,1.1902124187825787,1.1962288768335672,1.1838912879720542,1.1933728803204533,0.5978589097729557,1.2211529426461258,0
2008-04-22,1.187262909426972,1.1948056601045443,1.1957055018499385,1.20243493014396,1.1912251365719495,1.1992404885671892,0.4658411797583731,1.2144751720931277,0
2008-04-23,1.1959712041834745,1.1998220890339315,1.202207844782004,1.2054579189877181,1.197994084315524,1.2039151174722391,0.652934364435667,1.2137877165040363,0
2008-04-24,1.2004319935161107,1.2059978008078693,1.2061695759463202,1.2111826496718745,1.203355727002449,1.2088029570090437,0.5156455401174093,1.2195817163458869,0
2008-04-25,1.2190461703995992,1.2025342992271864,1.21949857803577,1.2029431238928012,1.2103724402220608,1.2108019536069994,0.5428779928277933,1.208681172251277,0
2008-04-28,1.2345796694953528,1.196817348364354,1.2295130654518815,1.192238838767552,1.2147430210048369,1.2099328142822603,0.48198115213856235,1.1950309625389213,0
2008-04-29,1.260745614380693,1.1838882771107195,1.2512023614044152,1.175264379335858,1.2203722491404412,1.2113119359152758,0.6213508749301345,1.2064224903619465,0
2008-04-30,1.262050594130929,1.1831429451302355,1.2493751121148704,1.171688563545119,1.2206001946438367,1.2085661599566166,0.6989380619291103,1.185308857761818,0
2008-05-01,1.2624502507101059,1.1837817102018284,1.2523783325127131,1.1746800764982062,1.221125455554874,1.211563230402354,0.7077002286250837,1.213885913249719,0
2008-05-02,1.2626476268515003,1.181301647778096,1.2556159766816812,1.1749473959937367,1.2199163660426575,1.213240555060101,0.5947461526642743,1.2096632180774176,0
2008-05-05,1.2612186266387566,1.1782159665525063,1.255871627076896,1.1733840735136927,1.2176171068540758,1.2125406941292214,0.5468249014320985,1.1983698870000754,0
2008-05-06,1.2610883533362487,1.1767300350266015,1.2575249233446568,1.1735098902759853,1.2167747026537472,1.2133916013192205,0.5082247403233864,1.2061279001248975,0
2008-05-07,1.2604628430969875,1.1783140721225498,1.2595743454298916,1.1775111684299322,1.2173098735511054,1.2164663386281886,0.9808504399333238,1.2190906542481614,0
2008-05-08,1.2588780161325817,1.1811234650984903,1.2613576943558686,1.1833642619803644,1.2180333420975682,1.2203875353120255,0.8421686228986629,1.2267504706273,0
2008-05-09,1.2588269093902191,1.1830185671095361,1.2620305880387581,1.1859136173861224,1.2190045840290755,1.222046139366725,0.4731845408307169,1.2183050802826971,0
2008-05-12,1.2608222738660497,1.187913026104544,1.2639891343426155,1.1907748051106168,1.2225228506252024,1.2255294509877208,0.7452427181912025,1.2298930015970884,0
2008-05-13,1.258364746613409,1.1971709949776104,1.2631830855597346,1.2015251562495621,1.2262195048841127,1.2307940100541257,0.8335181751228189,1.2430521492117184,0
2008-05-14,1.26511912804079,1.2039342404943065,1.2691392220600832,1.207567056259947,1.2329785426413662,1.2367951983561367,0.7642891088356841,1.2522832702604068,0
2008-05-15,1.2623840532819866,1.2155560669181065,1.2682971711139392,1.220899540871928,1.237785186549284,1.2433990689254482,0.6215142196647166,1.2615143129397843,0
2008-05-16,1.2654430342815277,1.2215458103836343,1.2709889860503165,1.226557489444981,1.2423837049264481,1.2476490018102038,0.5479255670844987,1.2552293293695183,0
2008-05-19,1.2765323889858182,1.2199392009424719,1.2785608661107746,1.2217722634639991,1.2468038356408286,1.248729660950906,0.5490519634374145,1.242168378500571,0
2008-05-20,1.2848478277894564,1.2168773140668245,1.282857680780459,1.2150788891057338,1.2491427347746942,1.2472532998712638,0.6034395123432144,1.22930374275368,0
2008-05-21,1.2827756836036426,1.2177687817576965,1.2770951998647957,1.2126355309471657,1.2486273838499777,1.2432343630349216,0.7166171905577043,1.2139841099954023,0
2008-05-22,1.2822022512261106,1.2178719207799367,1.2753377466155238,1.2116687124835708,1.2484093562419105,1.241892232357412,0.43263254578482213,1.224590063852963,0
2008-05-23,1.2826937986485731,1.2176918559711252,1.2735775223168415,1.2094538017806236,1.2485481039594104,1.2398931600720415,0.4042736145148115,1.2196799130915699,0
2008-05-27,1.2843240322276548,1.2201428927485474,1.2772353656068303,1.2137371172283948,1.2506095076582762,1.2438795655627355,0.6009888480842178,1.2503191786081251,0
2008-05-28,1.2812442476102526,1.2285104559275672,1.278714635521356,1.2262245355900339,1.2535430455164327,1.2511414453576042,0.8491852945018425,1.2721201884280349,0
2008-05-29,1.2788764473118237,1.2347819067299148,1.2806416287811808,1.23637703834632,1.2557134669738357,1.2573893207997153,0.6501999226106023,1.273789689843267,0
2008-05-30,1.2778200325554585,1.2375666044952258,1.2834255864422703,1.2426321438675456,1.2566747989190223,1.26199668173417,0.7440474326145425,1.2710400242255213,0
2008-06-02,1.2776964071738335,1.2368104568785916,1.2838239220913228,1.2423476738415833,1.2562189079122312,1.2620363377322652,0.6534502937533504,1.2507119655908576,0
2008-06-03,1.2786646717194432,1.2384824351342372,1.2843281516038365,1.243600320167192,1.2575568351556266,1.2629337126024027,0.6223999147680821,1.2554257228608843,0
2008-06-04,1.2826097902927531,1.2393887313198015,1.2860221972855463,1.2424724019659872,1.2599056521848206,1.26314537309375,0.5531020414639141,1.2525778604974556,0
2008-06-05,1.2944951191953609,1.2377986197475497,1.294773217316757,1.2380499271137342,1.2647122960927384,1.2649763209586244,0.5291113281916324,1.2616125096854671,0
2008-06-06,1.2955333806878555,1.2373131617876874,1.2904389907471903,1.2327095430653516,1.2649501436734474,1.2601135571690036,0.6781202810778977,1.2269468641186663,0
2008-06-09,1.3029922607039506,1.2337046711395077,1.293720472010195,1.225326085966944,1.266595304219813,1.257792717729463,0.4801582183240896,1.2359815916759882,0
2008-06-10,1.2994878905287781,1.2342678702828256,1.289808412293661,1.225520870594025,1.2652276391084474,1.2560379943526883,0.4629777556038876,1.2367671656414525,0
2008-06-11,1.2857992055086125,1.2347708434585425,1.2760680100817385,1.225977108785767,1.2589938701712386,1.2497551253908226,0.6197342799600508,1.2103505952971991,0
2008-06-12,1.2799235948775785,1.229024672168376,1.2720338338666475,1.2218949761836326,1.2531862543728507,1.2456957575570977,0.580300131769137,1.2162427918847327,0
2008-06-13,1.2822889842085634,1.2206989481793717,1.2786901839408489,1.2174468405701466,1.2499355732254032,1.2465188915403052,0.548570478731603,1.238829454039417,0
2008-06-16,1.2824020656568118,1.219370441505047,1.2812540230883764,1.2183329963303267,1.2492913845695075,1.248201439108384,0.5400232003779536,1.2443287852749083,0
2008-06-17,1.2815687231022965,1.2149540984091767,1.2816752024054963,1.2150503199625835,1.2465758822284254,1.246676973108169,0.4538371914175865,1.2285181687882154,0
2008-06-18,1.279190595892366,1.21070738812599,1.2797379737759258,1.211202034021239,1.2432161833224404,1.2437358609512226,0.5687862598388075,1.2192870477395275,0
2008-06-19,1.2841062805623622,1.1997563281317354,1.2873527009526637,1.2026900025978509,1.2397970244985301,1.2428791586167194,0.6509480036799012,1.227732516453441,0
2008-06-20,1.277234793049444,1.2018152273242757,1.2777120747244106,1.2022465297727132,1.2376166930548065,1.2380698217188562,0.8276279820792658,1.2053422477901228,0
2008-06-23,1.274343241276666,1.1999002644862602,1.2745477476188407,1.200085069582972,1.2352381460666497,1.2354323032917849,0.5032288740878446,1.2124128836951635,0
2008-06-24,1.272517303748824,1.1968714217096474,1.2730376505686012,1.1973416405954285,1.2327803191879259,1.2332743336696355,0.6494603910392384,1.2124128836951635,0
2008-06-25,1.2751437955901421,1.1970072035059878,1.274541781227807,1.1964631845710731,1.234098434367687,1.2335268851587997,0.6132249881766199,1.2234116245354563,0
2008-06-26,1.2644568274778634,1.2015329614070114,1.2603638127854688,1.1978342498265933,1.231402751999247,1.2275168657882787,0.834997238265547,1.1895316313034299,0
2008-06-27,1.2517936966519592,1.2014676333158532,1.246839177561284,1.19699041089832,1.2253572807111426,1.220653486841991,1.0026570031033855,1.1789256774458692,0
2008-06-30,1.2379975458432133,1.198501954231575,1.232782282396263,1.1937891064272392,1.2172504057241726,1.212299062560727,0.7256545853218109,1.1639988316703236,0
2008-07-01,1.2299598192954706,1.194766205942568,1.2250351385773672,1.1903159473994565,1.2114725198847476,1.2067970544065858,0.8658497456976502,1.1712658610667301,0
2008-07-02,1.2229998512023268,1.191509258294202,1.2182929886997478,1.1872558343135666,1.2064577583550833,1.2019890883232651,0.6959198425379777,1.1695964380208084,0
2008-07-03,1.2215729157432593,1.1824599038278063,1.2192781842010378,1.1803862366736337,1.2010267457639119,1.19884813993717,0.525835144141658,1.173917329938793,0
2008-07-07,1.221534994127146,1.1801547410300905,1.2215478714261045,1.1801663777864575,1.1997978362790538,1.1998100619176644,0.7851670649992843,1.1931651460016333,0
2008-07-08,1.2208660857489466,1.1815515969667478,1.2257866841568206,1.185998166471521,1.2002140794315537,1.2048856691862642,0.8438282119785536,1.216537382121782,0
2008-07-09,1.2207987230426163,1.175839330784132,1.2266827862702288,1.1811565491269642,1.1971814338011806,1.2027677318917132,0.8174641909622435,1.1823627986527065,0
2008-07-10,1.2244473040053447,1.16990093220318,1.2352439621560365,1.1796574875866679,1.1957939487171734,1.2060442380968497,0.864491197593119,1.2096632180774176,0
2008-07-11,1.224369901575557,1.1718386469221347,1.2349449234832839,1.1813949175277505,1.1967750927259941,1.2068149618445394,0.7602562120117651,1.1992536577112227,0
2008-07-14,1.2259908458574906,1.1731849658927147,1.2345738601682388,1.180941130190157,1.198251775595897,1.206400443378755,0.7151983849340747,1.1935579329843655,1
2008-07-15,1.2324468840510234,1.1761615206984228,1.238948354354467,1.182036667823053,1.2028800318410313,1.2090524929001416,0.920976826174814,1.2098596115687839,0
2008-07-16,1.2325332058911107,1.188667444709965,1.2395579186036374,1.1950154273612883,1.2094904039854566,1.2161596285832434,0.8511802047555431,1.2367671656414525,0
2008-07-17,1.2372728352933584,1.1983833273661162,1.2437776226203774,1.2042614719667957,1.2168440725579934,1.2230196827815072,1.0575003060144814,1.2424629687376203,0
2008-07-18,1.2354883993312482,1.219522651159869,1.2434970796193028,1.2267598102593302,1.2271015490297246,1.234704947169788,1.5751150256850759,1.275557309634872,0
2008-07-21,1.2382075908557173,1.230573803957194,1.2464778220498423,1.2380473172937778,1.2341975421399034,1.2420492553083133,0.6689539861910812,1.2634784045920655,0
2008-07-22,1.236107029403304,1.2440182854393367,1.2468612275977278,1.2537364712728094,1.2402628334006496,1.2504728115254244,0.9827249995622492,1.2766375522066957,0
2008-07-23,1.2493524542041377,1.2492550784601029,1.2569347390033183,1.256106919144884,1.2493013024648358,1.2564998830131828,0.8796852995575553,1.2719237949366686,0
2008-07-24,1.2556194460717092,1.2564587455046208,1.2621875472576083,1.2623941045842701,1.256060332313082,1.2622960523748632,0.7692764255732911,1.2766375522066957,0
2008-07-25,1.26993277993052,1.2556177129916721,1.2720146419114102,1.257499017505887,1.2624130369041564,1.264389545510322,0.650543875489058,1.2622017685288758,0
2008-07-28,1.289399683359134,1.2469122734957274,1.2840416078303243,1.2420703715001185,1.267080933094574,1.261994004906064,0.5242529937834464,1.2398114998655576,0
2008-07-29,1.3073872842192678,1.239071964725657,1.2979851578716626,1.2305755980580613,1.2715010638089546,1.2625747354486316,0.5141579274767464,1.2536581030692795,0
2008-07-30,1.3149127269249463,1.237780500589328,1.3052404847824257,1.2290400398996506,1.2743949617218278,1.2652121868735953,0.5009759991753022,1.2654424178750368,0
2008-07-31,1.3199386303142437,1.2359932683825208,1.3093450340433705,1.226420212786566,1.2758419067237603,1.2657844032044,0.5036588151859142,1.256800555669757,0
2008-08-01,1.3147886591859457,1.234515518856205,1.3055375430518654,1.2261556147394437,1.2726209634442829,1.2638380033712866,0.42475599198550335,1.243641408055127,0
2008-08-04,1.313186714562406,1.2338878219696874,1.3051526179609596,1.226627695053167,1.2715307937679174,1.2639032655161475,0.5154907448807621,1.2526760572431388,0
2008-08-05,1.3143598749097187,1.2306957657090367,1.310047958892056,1.2267992407984485,1.270410894132589,1.2663171841766918,0.5993292590043271,1.2655406146207198,0
2008-08-06,1.314770183348838,1.22964580410958,1.313464782488332,1.2284661598515683,1.2700541188070218,1.268814778226825,0.5377531442628306,1.2683885553534586,0
2008-08-07,1.316501064845715,1.2262893604080265,1.3181309828508356,1.2277622592500155,1.2691126147434846,1.2706600501614116,0.5704028548088912,1.267308312781635,0
2008-08-08,1.3164350584565085,1.2268772662056981,1.3189074164237993,1.2291114480329828,1.2693901101784846,1.2717373535811345,0.7362139551317416,1.2649514341466215,0
2008-08-11,1.3180806867967994,1.226050485684081,1.3169215656632498,1.225003029204696,1.2697369755177308,1.2686365121262675,0.6440861273133688,1.2432485427030846,0
2008-08-12,1.30831668287836,1.230270451894956,1.3044131659849512,1.2267429827253888,1.2673187885842905,1.2636128105679976,0.6016423914359679,1.2296966081057221,0
2008-08-13,1.3032214089855345,1.2291017299525695,1.2992836123308822,1.2255432833838442,1.2642861429539176,1.2605476199160346,0.5037018092957212,1.2353923328325798,0
2008-08-14,1.3020451017877948,1.2282026064697997,1.2987150796838194,1.2251933841130105,1.2632554411044847,1.2600939359674272,0.5858377402295886,1.246587467164239,0
2008-08-15,1.3013490709272404,1.2283033265902408,1.2968195358938788,1.224210147126963,1.2629779456694847,1.2586776293864907,0.47862761157361977,1.2408917424373813,0
2008-08-18,1.2932531587413956,1.230015977235348,1.2872439823771806,1.224585698607618,1.2600344978250073,1.2543294179931737,0.51334967109506,1.2235098212811393,0
2008-08-19,1.2786281078481025,1.2313273803204496,1.271605702112689,1.2249814824021668,1.2537809089151566,1.2471138745490757,0.8006879386395956,1.2035746279985176,0
2008-08-20,1.2693911736205827,1.227128254289679,1.2629974089544855,1.221350436912941,1.2471903488343659,1.241120142930065,0.5908766827816482,1.2030835659007924,0
2008-08-21,1.2660214176061635,1.218740295572107,1.2616992868838934,1.2148345399968226,1.241184517491545,1.237081109749843,0.5430156068618599,1.2077973231708192,0
2008-08-22,1.2702799499473183,1.207571813122545,1.2702093647235522,1.2075080277701409,1.2373391976198063,1.2372721843866898,0.5150006284703049,1.2268486673729833,0
2008-08-25,1.2667083284343654,1.203743305936943,1.2667777371237023,1.2038060280970926,1.233632633374575,1.2336985296122105,0.5010877180954316,1.2065206871076295,0
2008-08-26,1.2621716564630574,1.202711245238708,1.2613174177706292,1.2019393001611602,1.2309369430971275,1.2301259334611372,0.5346919307618909,1.2029853691551093,-1
2008-08-27,1.261237992835539,1.1989892780497584,1.261501342312312,1.1992272575911578,1.2285385761363292,1.2287885987180607,0.5024979742211263,1.2116272313603886,-1
2008-08-28,1.2654697926813492,1.1907126723025432,1.2693217855441283,1.1941935810409658,1.2261996770024635,1.2298567383802383,0.46848100165917805,1.2234116245354563,0
2008-08-29,1.265314227422062,1.1821180656868546,1.2695106958766194,1.185910264747017,1.2216110607026127,1.2255951653608805,0.6153316995571607,1.1954237495216535,0
2008-09-02,1.2450356706478742,1.1887835893966598,1.2457094897014307,1.1893924956732793,1.215486301614934,1.2161260218128036,1.0103443992608958,1.1628203923528169,0
2008-09-03,1.2314661185015416,1.193084261942323,1.2282518463412941,1.1901796386865566,1.21130402639027,1.208252413629384,0.973094318965491,1.1621330151330356,0
2008-09-04,1.2048138002897812,1.2030003080207865,1.1963144520418052,1.195319749764006,1.2038611679408449,1.195791932269544,0.8713874363648126,1.1293332644728329,0
2008-09-05,1.1828828213710756,1.2064801892828527,1.1714135215304344,1.196115791564298,1.195278581974442,1.1843896901795938,0.7576765654233477,1.1227536122962076,0
2008-09-08,1.1788883658856213,1.1956758530546816,1.1711859949600547,1.188715494815068,1.1877068778848303,1.1803942882117373,0.8988176784216508,1.151821651512524,0
2008-09-09,1.1683951689296437,1.1904046077627322,1.1611423441828723,1.183850488391631,1.179956786132435,1.1730709931919852,0.6970463210976042,1.129726051455565,0
2008-09-10,1.167579968924751,1.1827268295772682,1.1643656351725302,1.1798221506630295,1.1755366554180544,1.1724849841820792,1.0191495600666762,1.1591868776546137,0
2008-09-11,1.1711002393508632,1.171659499371866,1.1739459871968785,1.1742311003320494,1.171394020138674,1.1740957578908673,0.837301656785831,1.1705784054776387,0
2008-09-12,1.1827234468076901,1.1505719318114291,1.1923770317964828,1.1592955326958685,1.1658341698163235,1.1749992316628064,0.5705404688429578,1.1683198019576184,0
2008-09-15,1.1838527498316769,1.1372127547114665,1.193937604898197,1.1463260790028953,1.1593526354030774,1.168927142749807,0.8519970928418753,1.1311990810101211,0
2008-09-16,1.1824155235699507,1.1340590459214985,1.191363326234919,1.1421448564605396,1.1570137362692117,1.1655087321603512,1.1757341079836117,1.1396445497240344,0
2008-09-17,1.164484676268053,1.137301248059417,1.168965287856245,1.1413502171479948,1.1502051485803537,1.1544590172067264,1.0574831248119008,1.0946676189060318,1
2008-09-18,1.1647217240296868,1.1373134198965673,1.1664821119387603,1.1389042197432957,1.1503240684162046,1.151995371261644,1.3753815727245366,1.1305116254210295,0
2008-09-19,1.1682213542161954,1.1426785809327074,1.1702196780394831,1.1444843949896062,1.154803666957518,1.1567008648846087,1.2410336112824436,1.1671413626401117,0
2008-09-22,1.1673705335228728,1.141409865738213,1.16954075183701,1.1433710147234464,1.1537333251628015,1.1557937187981742,0.7604798142654456,1.1412157760242732,0
2008-09-23,1.168064388568655,1.1413865729759003,1.1675055101450464,1.1408815344522694,1.154050460543085,1.1535198643632218,0.6890064225637034,1.1328685040560431,0
2008-09-24,1.167713015255626,1.1387232003524503,1.1689316622191166,1.1398244482039857,1.152484587796294,1.153641564691653,0.5652951874465091,1.1436708514049698,-1
2008-09-25,1.165894347608729,1.1420835271750223,1.1731955497401765,1.1486813634654065,1.153386459823555,1.1603181819937205,0.5622941492579571,1.1795149362892776,-1
2008-09-26,1.1652577019046788,1.143507824346146,1.1765334100034928,1.1536972801035348,1.1538324329350178,1.1645375297678002,0.40934691947203233,1.1727388906212863,-1
2008-09-29,1.163512491318706,1.143707652629264,1.1697724805834868,1.1493645819410399,1.1531089564795478,1.1590521567348562,0.8243432485313565,1.1240302483593974,-1
2008-09-30,1.164378209857557,1.144642180220084,1.1697059526936215,1.1494566716417387,1.1540108205978015,1.1590689510903984,1.6330796352027879,1.148581002166363,-1
2008-10-01,1.1569661407878316,1.1488120888102602,1.1507439851416872,1.1431893483919762,1.1526827954317194,1.1467755142111613,1.1294036388142932,1.0815083929220917,-1
2008-10-02,1.1107208912408053,1.1710188850839005,1.0945097907860764,1.1563694910578688,1.1423955890010256,1.1270048571185565,0.9852702015387945,1.0285770554879012,-1
2008-10-03,1.0728556321613767,1.1761631403896036,1.0532252471201493,1.1584238606809414,1.1271233430906231,1.1084863607486233,0.8287458289342468,1.0158106948560033,-1
2008-10-06,1.0322273989343216,1.183464606773433,1.0075598039974953,1.1611733799123536,1.111672709517437,1.0882534270993023,0.9907046405770517,0.9881174884485597,-1
2008-10-07,0.9800691226457656,1.1934123819278821,0.9491069880251303,1.1654330037720697,1.0921389084918032,1.06274362383572,0.9816501468170754,0.9393106494409881,-1
2008-10-08,0.9203518202851375,1.198493763402575,0.8847729412802929,1.1663423977996041,1.0664605284058488,1.0326821313765069,1.546102551063315,0.8892271743702264,0
2008-10-09,0.8781062482729388,1.1779759974841495,0.8461540421521168,1.1491019269809122,1.0356286311637228,1.0052933779320081,1.8309987860535,0.8740057383576317,0
2008-10-10,0.8494494842398719,1.1441219934914093,0.8245812601833148,1.1216494652414304,1.0042417430515969,0.9806319844225339,2.118526129033133,0.8617303614541489,0
2008-10-13,0.841280614648737,1.1095260244954361,0.8268508245486191,1.0964863371848876,0.9821906473203065,0.9684910819409285,1.4705361694319772,0.9055288529546446,0
2008-10-14,0.8605017531421166,1.048084498383812,0.8626324017239634,1.050009889611486,0.9590394719263297,0.961062298269954,1.2996431324472602,0.9191790626670002,-1
2008-10-15,0.8621777187668297,1.0053656244602047,0.8706265213399054,1.0130005063910628,0.9373947093612183,0.9454159572396862,0.9743153352426664,0.8670332991982742,0
2008-10-16,0.8695244813704778,0.973785140282346,0.8844200202494538,0.9872457081739315,0.9242928849082187,0.9384346296818957,1.399140134245203,0.8987528072866532,-1
2008-10-17,0.8836693694599068,0.9371179636647294,0.9043595638516638,0.9558149553320424,0.9117460592342266,0.9313892188931879,1.309660760032281,0.8914858562595568,-1
2008-10-20,0.9032696043640546,0.9041052174386085,0.929637528477369,0.9279329712091284,0.9037085541515029,0.928742119976267,0.8381358082814547,0.9084749120637564,0
2008-10-21,0.9056867782443444,0.8891105750099075,0.9299338369594288,0.9110217782673015,0.8969792542622195,0.9199992818454483,0.8354959041739389,0.8726309055487589,0
2008-10-22,0.8792438883231428,0.8998938694960466,0.8932280807734442,0.9125308860830706,0.8900913787737869,0.9033678961327708,1.220869373782981,0.8209761258084481,1
2008-10-23,0.8650404465209612,0.9039560979374581,0.8709693869671438,0.9093138702241426,0.8854829425012944,0.8911118467826016,1.0626424179887355,0.8283413519505378,1
2008-10-24,0.8453169182617359,0.9110633867711162,0.8422855729953517,0.9083240680333031,0.8798537143656902,0.8769757714173753,1.0565630673033741,0.8059510832872196,1
2008-10-27,0.8184848414707084,0.9116331669008886,0.8117977913513817,0.9055903179071757,0.8674159064502354,0.861067256908608,0.9543918811994649,0.7822842569300219,1
2008-10-28,0.8217545685577444,0.8967548162102262,0.8224176057459278,0.8973539792991685,0.8611523996450564,0.8617818835977302,1.221540016130601,0.857114800929805,0
2008-10-29,0.8217230719623795,0.89661347591382,0.8248420567095344,0.8994319913286033,0.861063201859161,0.8640243492607841,1.0913624833397824,0.8661494501178166,0
2008-10-30,0.82268586690308,0.8941775231846718,0.833329783148835,0.9037960511494812,0.8602406255404819,0.8703459025742866,1.0347650536312472,0.8906020071790992,0
2008-10-31,0.8194705559954775,0.901214839135391,0.8376036204309802,0.9176010435486524,0.8624110469978848,0.8796264811822404,0.9034180481709952,0.9129922758424173,-1
2008-11-03,0.8191852011391237,0.9017934441619065,0.8445883295611516,0.9247493464331564,0.8625795325833548,0.8866971265499827,0.6609312688597608,0.9101444134789886,-1
2008-11-04,0.8157370904882222,0.913474746627455,0.8438609442743948,0.9388892714954422,0.8670789431883026,0.8937795792329388,0.8747581581323358,0.9172149710147189,-1
2008-11-05,0.8253383594925957,0.9167597672034161,0.8463805814216856,0.935774873616659,0.8733622699661232,0.8933396426822097,0.7486306211613063,0.8832367810370095,-1
2008-11-06,0.8274407166509767,0.9163692703565023,0.8381773910446293,0.9260716205554328,0.874155124234847,0.884348465357095,1.0767444860054172,0.8361976401903529,0
2008-11-07,0.8405605317139971,0.9124372786170514,0.8412900667752534,0.9130965334651718,0.8783175794868693,0.8790101961638193,0.6816974238965208,0.8471963026613357,-1
2008-11-10,0.8620150213529192,0.9009923885843,0.8491941712871726,0.8894066430708294,0.882489936816205,0.8703178904817636,0.8328045386653922,0.8236275946805108,0
2008-11-11,0.8469099795566463,0.906076909104224,0.8291927013452354,0.8900664358909715,0.8779905262112575,0.8611698372394981,0.8610516688085625,0.8125307354638449,-1
2008-11-12,0.820243694592188,0.914213253635015,0.7977800312353934,0.8939136412366587,0.8696061557892876,0.8482792742004671,0.977548442976123,0.7830698308954862,-1
2008-11-13,0.8135649199264918,0.908023149939757,0.7952405991363517,0.8914641139715441,0.8631840812939668,0.845787069351626,1.2987317066433792,0.826966519141665,-1
2008-11-14,0.8014420533818046,0.8951309380783536,0.7868005559015351,0.8818999383495812,0.8506570755926165,0.8367565163612445,1.0338965397304622,0.788863830737337,0
2008-11-17,0.7856240277324695,0.8807480799799976,0.7736579072199877,0.8699347231175281,0.8355929473039603,0.8242323766261566,0.8869942982247379,0.7608759557235342,0
2008-11-18,0.7931505520404128,0.8488164986736922,0.7892305309687302,0.8452741152661133,0.8223920229877516,0.8186703759930654,1.122197891776016,0.7864087553566405,0
2008-11-19,0.7844042445237006,0.8303637768358787,0.7824733462423386,0.8286188928394558,0.8085469100156476,0.8067137255366694,1.084001858858147,0.746047385062982,1
2008-11-20,0.7515820616607036,0.8347240672366079,0.7453170823409834,0.8290626285899335,0.795256780004536,0.7893088422178139,1.5163764399841275,0.7045074970825066,1
2008-11-21,0.7450599478844682,0.8191289661579708,0.7416450794769266,0.8160430712189551,0.7839686016833722,0.7807265439204734,1.7029536953437379,0.7353432344597381,1
2008-11-24,0.7475766675353414,0.809345844912023,0.7504291578312353,0.8119235387839892,0.7800241819484246,0.7827323209463939,1.291818204462394,0.7845428604500422,0
2008-11-25,0.7493052477688343,0.8038406873922866,0.7575104943173299,0.8112554764194302,0.7779528603542306,0.7857428774483886,1.076546696658963,0.7920062833378149,0
2008-11-26,0.7488307213404495,0.8079107264394573,0.7595516800546027,0.8175988749386318,0.7798656063492754,0.7900440270896405,0.7085945554330949,0.8020229783519672,0
2008-11-28,0.753268515437577,0.79897630871395,0.7702878665085184,0.8143560900311927,0.7772789417393724,0.7934370224247626,0.3360677751583979,0.8013356011321858,0
2008-12-01,0.7505098878923957,0.7949979818781201,0.7651133417325979,0.8081946029245144,0.7738796028881039,0.7877440436915044,0.8826690743368159,0.7551802309966767,1
2008-12-02,0.7522515935090727,0.7978765585769603,0.7650653491783245,0.8094558931370277,0.7762185099309769,0.7883838208834111,0.80013756471004,0.7840518767216269,0
2008-12-03,0.7520758804523975,0.7991484564209914,0.7664004162368842,0.8120930291557635,0.7768032307599395,0.7904028682562059,0.8390558657899814,0.792202676829181,0
2008-12-04,0.7553277176910643,0.7989832498885319,0.7637272870872739,0.8065736415511889,0.7782600857481933,0.7862345919124275,0.9384754288662454,0.760483168740802,1
2008-12-05,0.784429379565647,0.7893819484491796,0.7859769822154136,0.7907804618366868,0.7870309772727079,0.7885002629334608,0.9640999183111914,0.7914171028637166,0
2008-12-08,0.7952593647856161,0.7984240083357818,0.7964458690637479,0.799496209987512,0.7969217605235434,0.7980482213257034,0.9611419564391571,0.833349699457614,0
2008-12-09,0.7961841764987453,0.8028709007950627,0.7985575542053627,0.8050156376865484,0.7996967306915583,0.8019500027652454,0.8045401451129303,0.8120396733661195,0
2008-12-10,0.7965416100104864,0.8067174005106027,0.8002931866937029,0.810107566724475,0.8018869800306104,0.8054487068257254,0.7039855539791049,0.8137091747813517,0
2008-12-11,0.7956687959967621,0.8054496946083763,0.7992459765051343,0.8086822652112003,0.8008067282495731,0.8042028842510303,0.9185605243209788,0.7913189061180336,0
2008-12-12,0.7957151401428884,0.8065397925560818,0.8006670638147777,0.8110146695861097,0.8014013590648568,0.8061026888573244,0.8927038831244173,0.8072277193504095,0
2008-12-15,0.8094216090305308,0.8052283614703697,0.8109650098238661,0.806623077789894,0.8072188848495655,0.8086841812903438,0.7608409483464819,0.812825325700894,0
2008-12-16,0.8077574199385044,0.8191086266327784,0.8115672853902444,0.8225514663304637,0.8137202392354533,0.8173373050749848,0.9940066375342524,0.8484729387245254,-1
2008-12-17,0.809241975111822,0.8275210581770512,0.8140492835706471,0.8318652515903652,0.8188440264326621,0.8234080593169639,0.7388107829227396,0.842973607489034,0
2008-12-18,0.8298471579756497,0.8212772851592881,0.8295460215203464,0.8210051588713992,0.82534538081855,0.8250594834819348,0.6904424093899136,0.8249042307437006,0
2008-12-19,0.8376191290501582,0.8197819074055797,0.8347715727557287,0.8172086722149831,0.8282491887177439,0.8255457340343194,1.1263253263174837,0.8201905518429837,0
2008-12-22,0.8346105912716657,0.8170859469515607,0.8322741299842247,0.8149745701130864,0.8254048486454829,0.8231866248222948,0.6090803724325714,0.8051655093217552,0
2008-12-23,0.8286170079773165,0.8185590485971785,0.8237910144394665,0.81419797014353,0.8233335349602963,0.8187517625621176,0.548123274224242,0.7915152996093996,1
2008-12-24,0.822955530742834,0.8192603604592459,0.8165984602730935,0.813515702320673,0.8210144478900651,0.8149790792591094,0.20767873157018024,0.790729647274625,1
2008-12-26,0.8252708725270462,0.8185830554968094,0.816416983727642,0.8105821115727772,0.8217577443181769,0.8133519097476387,0.26667528192997025,0.7986841322601232,1
2008-12-29,0.8231195655497254,0.8187348072321213,0.8137032382670367,0.8102256076853416,0.8208162402546397,0.8118764296026635,0.5213122131139927,0.7978984799253487,1
2008-12-30,0.8236892589830873,0.8196915783665517,0.8165524869367493,0.813242331686924,0.8215892666417143,0.8148136535130295,0.4965303424558942,0.8204851420800329,0
2008-12-31,0.8276648127190201,0.8118729316126678,0.826555390965498,0.8108703866926741,0.8193692952527069,0.8183160161862598,0.5733436354783448,0.8264755354132497,0
2009-01-02,0.8226229217047809,0.8193156786556557,0.8290271662639734,0.8251029663384801,0.8208856180678934,0.8269657735265281,0.6499161450445342,0.8579986500102625,0
2009-01-05,0.8189498077558829,0.8279552983852074,0.8288207034278345,0.8368752751932031,0.8236804161175575,0.8330517915618765,0.7150522214020733,0.8525975155204543,0
2009-01-06,0.8115132927045798,0.8454481540323198,0.825242598384034,0.8578548385238399,0.829339366303117,0.8423738955280163,0.8297433251644525,0.876264341877652,-1
2009-01-07,0.8139330433224375,0.854204056131523,0.826908453046061,0.8659294717022539,0.8350875142745721,0.8474062987197835,0.7270390285402792,0.8621231484368811,0
2009-01-08,0.8239384385487256,0.8575766642031398,0.8332241992149308,0.8659678753495111,0.8416086886331017,0.8504245400392075,0.6218496230452375,0.8561327551036643,0
2009-01-09,0.8361318639211186,0.85444408725231,0.8389483008810306,0.8569892010088036,0.8457513239124823,0.8484252340665112,0.6397781668347383,0.8317784731573751,0
2009-01-12,0.8483476605967496,0.8516686149668448,0.8467858446751443,0.8502572575518673,0.850092166827288,0.8486093871624327,0.6941570840358925,0.8416969714258443,1
2009-01-13,0.8642221944398738,0.8450397487679217,0.8578473307797059,0.83927901155697,0.854145604320773,0.8480933429301948,0.6584289787863117,0.8380634567276409,0
2009-01-14,0.8626292710460722,0.8458000213627455,0.8521048337408519,0.836289462260543,0.8537888210861985,0.8437969767181468,0.8143084397437551,0.8169498241275126,1
2009-01-15,0.8624921924238081,0.8458484182228944,0.8500720507061206,0.8346247785699501,0.8537491732319074,0.841957557255372,1.0090545759666871,0.8260826700612073,1
2009-01-16,0.8602922480337102,0.8432141479890882,0.8503628203723238,0.8342412779072059,0.8513210763121464,0.8418941309107815,0.9669633424656768,0.8339389583010225,1
2009-01-20,0.8485624557111575,0.8446825719822623,0.8380507314791751,0.8351835012314931,0.8465243423905494,0.8365445677460894,1.1866460623766437,0.8050673125760722,1
2009-01-21,0.841277728866101,0.8553972892152656,0.8417865635816021,0.8558571050224845,0.8486947717569598,0.849177856708573,2.1415366094845005,0.8977708398298228,0
2009-01-22,0.8379620364485405,0.862695119008547,0.844415815956244,0.8685271696598585,0.8509543910002582,0.8570815746735088,1.0620146875442118,0.8845134171001993,0
2009-01-23,0.8364396912602643,0.8684289757114316,0.8461926368557776,0.8772423652368445,0.8532437481115267,0.8625031423854711,0.8816973910138365,0.8788176923733418,0
2009-01-26,0.835865949006324,0.8819653078678091,0.8470930673188811,0.892110854766172,0.8600820657593474,0.8707410317094919,0.8461928880179362,0.8995384596214278,0
2009-01-27,0.8363734618969536,0.8927322405169013,0.8486026935165558,0.9037833615146063,0.8659788793436309,0.8775892462962958,0.7498860820503538,0.9001277184648363,0
2009-01-28,0.834966713728406,0.9118888758603781,0.8491992377602084,0.9247503008517961,0.8753741316423918,0.8888864136738299,1.1528612415663109,0.9311597709641237,0
2009-01-29,0.8492127873983927,0.9165987540134701,0.859067784338008,0.9255043637033816,0.8846108162510109,0.8939670975240648,0.7939722258050647,0.9084749120637564,0
2009-01-30,0.8643543155653896,0.9171223445051139,0.8690950795684075,0.921406404064092,0.8920735025820854,0.896574358516713,0.8269487080270003,0.900029443349843,0
2009-02-02,0.8794550031719812,0.9148151367139703,0.8788023944440565,0.914225397453092,0.8980297760842941,0.8974101928558946,0.8535534302928606,0.8929588858141126,0
2009-02-03,0.9271148344198639,0.8934430811019419,0.9200176833068044,0.8870296384483823,0.9094269721639953,0.9026889749370025,0.7622425727675308,0.9180006233494935,0
2009-02-04,0.9280101986036832,0.8952941436015878,0.9227567026735667,0.8905467464640924,0.9108243672343235,0.9058367263562805,0.8762027766631918,0.9116174430335444,0
2009-02-05,0.9331048615518658,0.8951050265634867,0.9273242230906169,0.8898812694979282,0.9131434463955473,0.9076553392238582,0.9994324448678638,0.9074928662376157,0
2009-02-06,0.9367571978106065,0.9043507397938252,0.9326814433712565,0.9006676256892568,0.9197339985673308,0.9158644991480905,1.1226535635746009,0.9441226034566982,0
2009-02-09,0.9348936932756167,0.9158830200751852,0.9337340653016589,0.9148351055821774,0.924907335696144,0.9238063911131137,0.702162620164632,0.9508003740096963,0
2009-02-10,0.9382906325640549,0.9158508190764992,0.9355568020494305,0.9133803538220915,0.9265029384018977,0.9239074543642658,1.164392294699221,0.9159383349515291,0
2009-02-11,0.9380639160836373,0.9166971596427825,0.9386494346390559,0.9172262719045833,0.9268399016638306,0.9273957898420468,0.9257233594561599,0.934498695425278,-1
2009-02-12,0.9403234822149921,0.9194850850564092,0.9410720522415889,0.9201615411246643,0.929377016342129,0.9300877047131485,0.8528053492235618,0.9336148463448204,-1
2009-02-13,0.9455420713378265,0.9189010010293057,0.9439898949782041,0.9174983545431218,0.9315474457085394,0.9300738177921639,0.5797669390421619,0.9215359413020138,-1
2009-02-17,0.9442733416389872,0.9195569792657363,0.9369640211104576,0.9129518066690939,0.9312897702461812,0.9243503405133395,0.7655961133324735,0.8904056136877331,0
2009-02-18,0.9391251474199581,0.9204925163730258,0.9305341262351441,0.9127291165487026,0.9293373763968453,0.921181106930665,0.730263586775801,0.8986546105409702,0
2009-02-19,0.9248336206401214,0.92604933100434,0.9126857629192802,0.9150717447003291,0.9254722365524649,0.913939125543131,1.0854034832791961,0.8733182827685402,0
2009-02-20,0.9134241077446797,0.9295300455794703,0.8985483121713423,0.9160873190099148,0.9218846000520918,0.9077615994669667,1.0663140985249075,0.8719434499596673,0
2009-02-23,0.8842325136537365,0.933703605185952,0.8679304631877429,0.9189720228744669,0.9102198106147043,0.8947427312790198,1.161666484578802,0.8285377454419038,0
2009-02-24,0.875132071509172,0.9222684859356429,0.8623406464879241,0.9107093307867374,0.8998929563297194,0.8877488459748109,1.1105636692209113,0.8484729387245254,0
2009-02-25,0.8637868279647175,0.918616187921288,0.8517125793950576,0.9077051195851714,0.8925888376887868,0.8811256108130496,1.0874413876427036,0.8435627879631323,0
2009-02-26,0.8659770011687136,0.9049586554195094,0.8604833435630721,0.8999942327306307,0.8864541686147871,0.8812385195292339,1.498189931535785,0.8737110697512724,0
2009-02-27,0.8717191076924254,0.8940343244645635,0.8753039857864456,0.8972738511013424,0.8834413508660632,0.8868448149140766,1.8325121293946782,0.9037612331630396,-1
2009-03-02,0.8765742216525183,0.8806098858601183,0.884334810123513,0.8876228532217706,0.8786941668760708,0.8860620279747552,1.3097467482518947,0.874496722086047,0
2009-03-03,0.875397040151234,0.8762023830530852,0.8830808934192754,0.88314600754521,0.8758200889358395,0.8831150980441302,1.1818307220782647,0.8619267549455151,0
2009-03-04,0.8776572294000958,0.8703489165304645,0.8881746100387308,0.8798530987744388,0.8738181530639068,0.883803297870525,1.323504863390121,0.8788176923733418,0
2009-03-05,0.876302869862183,0.8688371706306357,0.8851120335411141,0.8767976980564481,0.8723811180482949,0.8807444908291765,1.2838127505403654,0.8590788925820863,0
2009-03-06,0.8714697573781798,0.8675824801212794,0.8775840231527738,0.8731077243057839,0.8694277602174966,0.8752326113722795,1.3058171030568813,0.8426790172519849,1
2009-03-09,0.8673642162062879,0.8696133954142689,0.8652351457873936,0.8676894303162392,0.8685457160718846,0.8665243880277086,1.1308998831596018,0.8197976864909414,1
2009-03-10,0.8689238909951439,0.8698076277336091,0.8655582034831786,0.866766175818055,0.8693881202722128,0.8661927545879713,1.368485333952843,0.8568202106927558,0
2009-03-11,0.8733059943103653,0.8709793666204665,0.8694153606641248,0.8674635395824516,0.8720838105496606,0.8683900638191767,1.0167160770102603,0.8702740269137453,0
2009-03-12,0.8726222414054872,0.8742951666155145,0.8725108673158041,0.8741945218179196,0.8735010335016381,0.8733952955378426,1.0171718310155562,0.8877541448156704,0
2009-03-13,0.8759711765281573,0.868118139363455,0.8818406462117885,0.8734221700404273,0.8718459550599441,0.87741839811804,0.7835160254173286,0.8873612794636281,1
2009-03-16,0.8738703008928297,0.8741106492799582,0.8825738818541353,0.8819757653648099,0.8739965565447053,0.882259689659382,1.0141192492192623,0.8958067481775415,1
2009-03-17,0.8708922830912899,0.8864991381405278,0.8816100558015175,0.8961844075614434,0.8790906058739439,0.8892660018392587,0.9879788304566328,0.9124030169990088,0
2009-03-18,0.8698856229343883,0.8920499679690918,0.8822513790424953,0.9032244612839255,0.8815286127800259,0.8932685953503247,1.5438583078554184,0.902975580828265,1
2009-03-19,0.8720587719848268,0.8998589919868435,0.8838141612650778,0.9104819185411943,0.8866623020545482,0.8978228056299622,0.8512231988653501,0.9099479416183123,0
2009-03-20,0.8821565570823731,0.9033745091343868,0.8905580020111303,0.9109665956489988,0.8933024041579362,0.9012786909427185,1.048531718267408,0.9084749120637564,0
2009-03-23,0.8958645687419952,0.919720707578397,0.9031133277961151,0.926271152927873,0.9083962624055549,0.9152781953991931,1.0668730219523979,0.9693607344834451,0
2009-03-24,0.9030984215121483,0.9340311855783626,0.9100987374812806,0.9403571217617157,0.9193474853737935,0.9259935478341649,0.8037060758240174,0.9653344328025093,0
2009-03-25,0.912499092621807,0.9431385467153042,0.9183300669457597,0.9484077905069765,0.9285940799687334,0.9341299757386805,1.0333204351003913,0.961897311595672,0
2009-03-26,0.918658320138768,0.9533827621590686,0.9243287585455792,0.9585069353608628,0.9368991625911288,0.9422826464217916,0.9832409288799328,0.9700481117032262,0
2009-03-27,0.9288866727720052,0.9512901600462756,0.9288390680376708,0.9512471413435839,0.9406552846769719,0.9406100889973497,1.3539016990236392,0.9245801971568086,1
2009-03-30,0.9376964640105694,0.9495550020011129,0.9334648855316918,0.9457310752626248,0.9439257857970614,0.9399083478698889,0.942774839846941,0.9282137118550118,0
2009-03-31,0.9435424151241133,0.9517810906196857,0.939049614337554,0.9477211065867343,0.9478702134410165,0.9436047724550464,1.2514467353536618,0.9514878295987876,0
2009-04-01,0.9548682126420363,0.9522247862897321,0.949019101622197,0.9469391530120336,0.9534796136949716,0.9479264990431602,1.0501654944400725,0.958558387134518,0
2009-04-02,0.962502087701108,0.960721363886922,0.9579517948243669,0.9566094262999963,0.9615666687092997,0.9572466450410605,1.3946429339180533,0.9900815017315309,0
2009-04-03,0.9738687050356558,0.9687690955599277,0.9698714765292694,0.9651569425438098,0.971189866511456,0.9673949191920833,0.9426802199226813,1.0038299081895696,0
2009-04-06,0.9720252794445624,0.9758118719035532,0.972546027822341,0.9762824536629964,0.9740143866110754,0.9745087823297994,0.7583989157921311,0.9973485311279376,0
2009-04-07,0.9724141258334419,0.9763094683993057,0.9732624955072251,0.9770761098537641,0.9744603597225381,0.975265797343684,0.7539790719799494,0.9697535214661771,0
2009-04-08,0.9730339909890505,0.9818620480384765,0.9757836207567148,0.9843467905150719,0.9776713930156948,0.980281876779481,0.626441361089936,0.9937150164297341,0
2009-04-09,0.9729289474545286,0.9874659825121971,0.977921217441961,0.9919773190704068,0.9805652909285678,0.9853049252967613,0.6890837790786716,0.9987233639368105,0
2009-04-13,0.9890305565848945,0.9838580914906315,0.9889756595512507,0.9838084829968125,0.9863134468090303,0.9862613278595294,0.6704673295322594,0.9815379146412446,0
2009-04-14,1.0077910368076202,0.9758664826342013,1.0023112661937834,0.9709146091251487,0.9910209829447316,0.9858185180947657,0.5397222416093049,0.9748600657189362,0
2009-04-15,1.015561370548938,0.9725425310996861,1.0068568286389188,0.9646765466397121,0.9929634588987392,0.9846994134645045,0.7020250061305655,0.9707355672923179,0
2009-04-16,1.0247291289639036,0.9714649460664322,1.0159692770583462,0.9635489799336852,0.9967493109435449,0.9884327544960002,0.7962079195150265,0.9960718950647476,0
2009-04-17,1.0248514868233833,0.9722033738097225,1.0185355773452511,0.9664959113930723,0.9971952919640151,0.9911990013578753,0.8783008563390869,0.9945006687645087,0
2009-04-20,1.0255460272245933,0.9681986450598967,1.0218883014081201,0.964893288531243,0.9954212936864704,0.9919486684012141,1.0769766377570327,0.9862515935419613,0
2009-04-21,1.0243377990528053,0.970705464753765,1.0241114142034744,0.9705008888294696,0.9961645901145822,0.995949661552019,1.3093168071538253,1.004713757270027,0
2009-04-22,1.0286727796302677,0.973957358328181,1.0283831674440522,0.9736956461117613,0.9999306221867463,0.9996556659294347,1.0421772217206242,1.0070706359050405,0
2009-04-23,1.0287507242162792,0.9743208543174401,1.029270110426193,0.9747902051343056,1.0001585676901419,1.000651670173996,0.8117631555604989,0.9959736983190648,0
2009-04-24,1.0272115011578278,0.9726554380447603,1.0277370475297174,0.9731303555805723,0.9985530549980671,0.9990520059066834,0.8734253407283202,0.9828145507044345,1
2009-04-27,1.0272115011578278,0.9726554380447603,1.0261117311714845,0.9716616150829608,0.9985530549980671,0.9975089392676473,0.7404789215005652,0.9815379146412446,0
2009-04-28,1.0313855716281701,0.9739208273073308,1.0299457822665141,0.9726197409478767,1.001199187434903,0.9998322591320181,0.9553721140203792,1.001080242571824,0
2009-04-29,1.0352682871653847,0.9802038573314281,1.0343987014864007,0.979418043728804,1.0063427946047534,1.0055172146219848,0.8412829277952975,1.0217028914435369,0
2009-04-30,1.0350506639086003,0.983758747758126,1.0356468872644489,0.9842975335667601,1.0081068828959774,1.0086729341543457,0.916161485876435,1.0135520129666726,0
2009-05-01,1.0333226820547814,0.9916216610428147,1.0358090692646882,0.9938685205969164,1.0114170239613505,1.0137775866517453,0.5360677422757136,1.0273004194247115,0
2009-05-04,1.0324769331412897,1.0032530175964571,1.0363484842625361,1.0067516004363726,1.0171255319875219,1.020801161871056,0.7148974261654261,1.0428164456743552,0
2009-05-05,1.0314099213976424,1.0108959716082806,1.036993678137409,1.0159418136752507,1.0206338885973276,1.0259350773179003,0.5804204823939121,1.0394775995825112,0
2009-05-06,1.032553708881328,1.0137677271064816,1.0380664787631206,1.0187494208785204,1.0226853823098725,1.0279191764879645,0.6475686502077322,1.0273986161703945,0
2009-05-07,1.035220076465736,1.0135655998947177,1.037368490241406,1.0155070448952368,1.0238449218904844,1.0258846144139055,0.732739981735313,1.0074634228877728,0
2009-05-08,1.0405544231904664,1.0114053119929471,1.0373898207995018,1.008545573538397,1.0252423169608127,1.022237860412661,0.9953566361408487,0.9966611539081561,0
2009-05-11,1.0515234057088976,1.0070586394538839,1.0448127359198103,1.0009944462059635,1.0281659448326483,1.0217948709031486,0.7096607764736231,1.0105077571118777,0
2009-05-12,1.0562259528313993,1.0065824136172177,1.049019634143396,1.0000703201148349,1.0301480686409468,1.0233064283034252,0.6846038421608133,1.0207208456173964,0
2009-05-13,1.0525293019971707,1.0065647132563809,1.0452951548036113,1.000027472124805,1.028383980349723,1.0215159197781836,0.7052840089779593,1.004222773541612,0
2009-05-14,1.0458964182122243,1.0084834559110694,1.0370774602884034,1.0005140777750305,1.026243288851283,1.0178706174667989,0.8121673659580531,0.9923401836208613,0
2009-05-15,1.0409456234722234,1.0068445830654589,1.0329747189800453,0.999641560607121,1.0230322555581262,1.015464721556195,0.7194977959147704,0.9954827145906495,0
2009-05-18,1.0438431603884706,1.0011886901332345,1.0415720250616438,0.9991363460383942,1.0214366528523724,1.0192804491460534,0.6388494776215659,1.027005829187662,0
2009-05-19,1.0447297587677096,0.9997460378006109,1.047867029216708,1.0025810773527961,1.0210996895904396,1.0240781973393842,0.60872778784947,1.036138675121357,0
2009-05-20,1.0452291525745978,0.9982193717683422,1.0503250627960132,1.0028243643142383,1.0205347887341187,1.0253728185849587,0.6090631912299908,1.02180108818922,0
2009-05-21,1.045564074394216,0.9983506465853658,1.0492010686023088,1.001637268698006,1.0207627342375143,1.0242156770448927,0.6373016896685154,1.0097221047771034,0
2009-05-22,1.0467736423123248,0.9980122598302605,1.0472307527528668,0.998425334252667,1.0211591574173724,1.0215931356195744,0.48120725816203713,1.0005892588434087,0
2009-05-26,1.0464761225672277,1.002280799770149,1.0484007669816138,1.0040200323697543,1.0232602010615217,1.0250874481527126,0.6200782328385065,1.031326721105647,0
2009-05-27,1.0457559360499447,1.0010260921397733,1.0477795171825302,1.0028547303273951,1.0222592291710515,1.024180406252214,0.6122017612458986,1.010802347348927,0
2009-05-28,1.047598048141608,1.0039459920994345,1.049643743159771,1.0057946138177347,1.024667506118171,1.0266096780037732,0.5268928156842513,1.028086071759486,0
2009-05-29,1.0529677897809815,1.0089607107561271,1.054665261196588,1.0104946552088552,1.0298507532333052,1.0314623234970708,0.5908938639842288,1.0437002947548129,0
2009-06-01,1.0549092835017162,1.0204127816929571,1.057448301857924,1.0227072021391992,1.0367881786533422,1.0391987090719395,0.6642589965174771,1.0642247468808428,0
2009-06-02,1.0547584626862487,1.024794018835218,1.0586930077016892,1.0283495270134142,1.0390180600286705,1.042753495977714,0.6058558141970497,1.049101429244621,0
2009-06-03,1.0546008216016047,1.0267853921365286,1.0599305440596802,1.0316016724720787,1.039989301960178,1.0450493118953017,0.6610774323917623,1.045762583152777,0
2009-06-04,1.0566438824644084,1.0292407074742633,1.0612683878667981,1.0334197082770964,1.0422489212034765,1.0466394018457974,0.47022657895868264,1.044191356852538,0
2009-06-05,1.0629593840881983,1.0318725978609118,1.0660673914199459,1.0346811933764177,1.0466294119725732,1.0495801374748461,0.6590997033406424,1.0531278092948668,0
2009-06-08,1.077076924371391,1.0296803033107969,1.0773479647405222,1.0299252328376636,1.052179352308603,1.0524366765823174,0.5472118484203611,1.0555828846755633,0
2009-06-09,1.0792326072155174,1.0336186357566788,1.079942144904288,1.0342598196916095,1.0552714657659088,1.055945097044604,0.7382862219004104,1.0619660649915126,0
2009-06-10,1.0944179524390156,1.0301217986228455,1.092891725182614,1.0287426014169103,1.0606430105301474,1.0591940185532862,0.6516273599388777,1.0640282750201666,0
2009-06-11,1.1013298427342766,1.0327618772739333,1.0996796925286878,1.0312706953130717,1.0653109067205653,1.0637442629599556,0.7854422108607068,1.0743396386406783,0
2009-06-12,1.1047862089658669,1.0332797086464414,1.1027841258380384,1.0314704974399391,1.06722365271561,1.0653228857249375,0.6234919487158367,1.0626534422112937,0
2009-06-15,1.104600417363221,1.032032614966411,1.1036219002543812,1.031148363910868,1.066480356287498,1.0655513573890816,0.7367127032468445,1.0568595207387532,0
2009-06-16,1.1057613228192764,1.0319080053925587,1.1038987924485628,1.0302249030416581,1.0669659772532518,1.0651977009022007,0.6217808160282041,1.0539133832603311,0
2009-06-17,1.1074885325366963,1.0313093774059223,1.1041814964038932,1.028320926652499,1.0674714181916471,1.064331735812419,0.633406406878663,1.0507709306598534,0
2009-06-18,1.1074885325366963,1.0313093774059223,1.102163573375718,1.0264974014922859,1.0674714181916471,1.062415930505257,0.5337202474389116,1.044191356852538,0
2009-06-19,1.1026681751586418,1.0331183831716297,1.096266320995739,1.0273332556047843,1.0661334830392444,1.060055597010035,1.1659142697450449,1.0398703865652432,0
2009-06-22,1.0919350582238256,1.0372141667525303,1.083999203533136,1.0300428175512903,1.0631900272857593,1.0556557693774993,0.6273184244886557,1.0264165703442538,0
2009-06-23,1.0837671709890087,1.0376146023282184,1.0757501277973052,1.0303698859706238,1.0595231029858116,1.051911765149848,0.4430629332653319,1.0256309963787893,0
2009-06-24,1.0769315065154368,1.0358678460835364,1.0695218143881733,1.0291719712484508,1.055360655642797,1.0483259336520954,0.5499118456335536,1.0227831340153606,0
2009-06-25,1.079973846006128,1.026817179564987,1.0765856176364235,1.023755358279221,1.0520505066684165,1.048833740814653,0.5933703411504517,1.0415398096111654,0
2009-06-26,1.0811909717831427,1.0209440873807263,1.0801601721456313,1.0200125904663764,1.0495431219490807,1.0485644862981705,0.4409389584754996,1.037808098167279,0
2009-06-29,1.0824584000189081,1.0164216603016252,1.0833488248804757,1.0172263055312385,1.0477691236715359,1.0486144882625543,0.40257966302975956,1.0392812060911452,0
2009-06-30,1.081260555633749,1.0120328448628138,1.0825451921369724,1.0131937251107956,1.044895053640312,1.0461146806509989,0.6459951315541663,1.0254346028874233,0
2009-07-01,1.0821671560755737,1.0071384241854102,1.0843494172940649,1.0091104559143282,1.0427543621418718,1.0448261892460897,0.47614258490946204,1.0295591013140417,0
2009-07-02,1.0681412696293255,1.011134528616136,1.068112289998524,1.0111083407560628,1.038195475800984,1.038167962694828,0.6042134063197395,0.9990179541738595,0
2009-07-06,1.0585976026872095,1.0117594215327195,1.0571048587743115,1.0104104820316,1.033993380603678,1.0325761775336733,0.5608581624317468,0.9982323802083952,0
2009-07-07,1.044645216620877,1.0161985142313656,1.0400824875637136,1.012075338511181,1.0297020876204768,1.0253702571092007,0.5748828739334604,0.9838947149069479,1
2009-07-08,1.0362478645282966,1.0166931022414256,1.0303301523241475,1.0113454765171057,1.0259756954935964,1.0203574512450937,0.6346618677677105,0.988706668922658,1
2009-07-09,1.033472686542711,1.015295561172006,1.0280529918522654,1.01039797613496,1.023924193872044,1.018778764781747,0.5291026964869866,1.0024550753806967,1
2009-07-10,1.0300354939086707,1.0085344668184384,1.0263423532415903,1.0051971071508017,1.01874094675691,1.0152346988023058,0.6419794159328279,0.9901796984772139,1
2009-07-13,1.0321929633677351,1.002698348302961,1.0328913321443294,1.0033294392898053,1.016699363030686,1.0173623906040248,0.8163979699217153,1.0175783146476083,1
2009-07-14,1.0361153374932728,0.9942862780537992,1.040638318508246,0.9983735348841198,1.0141424204707383,1.018436514403803,0.46549722687991746,1.013944799949405,1
2009-07-15,1.0281414548266408,1.0067746036440635,1.038202203426965,1.0158661437806866,1.0169173906387534,1.0264690114356838,0.748020154126074,1.0529314158035008,1
2009-07-16,1.011639980782461,1.0326289424782262,1.0290596066246702,1.0483704378480934,1.0226655386102084,1.0392036380180232,1.2896426860648198,1.0865167404291678,1
2009-07-17,0.9919384425128975,1.076260726094754,1.0151141993833124,1.0972038320359165,1.0362331640563198,1.0582361034102488,1.7360075340806416,1.1334577628994515,0
2009-07-20,0.9855071547007658,1.109975959195832,1.0115818082554224,1.1335386948090709,1.0508909512697895,1.0756460875980536,0.9185691560256245,1.1434744579136038,0
2009-07-21,0.9930155646449609,1.1349808741963343,1.0176433051589888,1.1572360860351838,1.0675903222094831,1.0909717670522274,0.7138483863274785,1.1493665761318275,0
2009-07-22,1.0102557339049407,1.1474937226769466,1.0297575449575829,1.165116814652053,1.0823472171951694,1.100862132081545,0.7578485418625756,1.1349307924540073,0
2009-07-23,1.0278703300514076,1.159838017565383,1.0430861489443086,1.1735880110968722,1.0971933099667508,1.111639126868992,0.7275806885584782,1.1495630479925039,0
2009-07-24,1.059458311388581,1.1630076204835964,1.0675147479821434,1.1702879352552198,1.113853040961161,1.121501778681706,0.5383722430027086,1.155258772719361,0
2009-07-27,1.0881922427848354,1.1634737148076708,1.0901044098149324,1.1652016720395506,1.127737801787556,1.12955320291698,0.4358914664255051,1.155160575973678,0
2009-07-28,1.133495314308319,1.1490045979833026,1.1270361148102723,1.1431676494797833,1.1416423825865927,1.135510053203561,0.4972612423226125,1.151723454766841,0
2009-07-29,1.1713089585720364,1.1337756781035544,1.1594647561801492,1.123072494303826,1.1515926257553537,1.1403478034877783,0.4386172765459239,1.1515270612754749,0
2009-07-30,1.203695696026853,1.1181305332138238,1.1896225572082135,1.1054131389620874,1.1587480866924655,1.1453871241281215,0.5849864897380952,1.1574192578630085,0
2009-07-31,1.2089292751839753,1.1181366225534741,1.1967116948247865,1.1070960303847757,1.1612356514391595,1.149636346130682,0.45828284813699455,1.1581067134521001,0
2009-08-03,1.205433452124281,1.1278612000511954,1.1970220617107037,1.1202601261562188,1.1646845402220325,1.156698811247268,0.5252332266043606,1.1776490413826792,0
2009-08-04,1.2048360133572151,1.1332309140783732,1.199231304241001,1.1281661380951509,1.1672216628093384,1.1619005820148682,0.429382174642074,1.1745065887822015,0
2009-08-05,1.2130300884089074,1.1312975001323635,1.2067362403368658,1.125609973822549,1.1700957407495696,1.1641203951241261,0.43215961057694563,1.1634096511962253,0
2009-08-06,1.213992193065656,1.1310317997519284,1.2072085242570938,1.1249016398904033,1.1704128761298531,1.1639724973225283,0.5161959140469649,1.1527055005929814,0
2009-08-07,1.2146029777898915,1.1336682847471644,1.209628734097832,1.1291732379099693,1.1720877666351814,1.1673652463351964,0.4955672908375606,1.1718550415408286,0
2009-08-10,1.2160842693946643,1.134348415605098,1.2117211987661174,1.1304056640948301,1.1731482063525844,1.1690059304832956,0.3423449151902136,1.165668333085556,0
2009-08-11,1.2176220082553257,1.1339210056825813,1.2124133142290974,1.1292140944297426,1.17365364729098,1.1687085411003562,0.416569929919601,1.1567318022739173,0
2009-08-12,1.2209742853897394,1.1347215666001091,1.2162371800264271,1.1304408132235089,1.175665501058241,1.1711681186165401,0.5408400884642858,1.1714622545580964,0
2009-08-13,1.2227395653980835,1.1363713711951906,1.2188770346492126,1.1328809397444763,1.177370121522532,1.1737030555321832,0.4720065186633485,1.174310116921525,0
2009-08-14,1.2243662108673907,1.1361088833369013,1.2201032419122833,1.1322565901432031,1.1780044001921066,1.17395716031505,0.41243386367348744,1.164391697022366,0
2009-08-17,1.218752188169382,1.1354089362114304,1.2146569507125933,1.1317082159980065,1.1749717545617335,1.1710837580701634,0.46000261252927277,1.1475989563402222,0
2009-08-18,1.2174227111609557,1.1328936346018585,1.2143690982293582,1.1301341933681879,1.173019360712398,1.170120276962081,0.36856269046781126,1.155160575973678,0
2009-08-19,1.2174898566672203,1.133021625535289,1.2152856389839526,1.1310297525312623,1.1731184684846143,1.171025796030421,0.4160023747874648,1.164391697022366,0
2009-08-20,1.2202305704770302,1.1335069709744363,1.2178890391907469,1.1313910125586064,1.1746744312450843,1.1724513939921697,0.41632914646333985,1.1681233300969422,0
2009-08-21,1.2193464714271682,1.1353812964873078,1.2194415765187296,1.1354672395708174,1.1752393400104129,1.1753296322745912,0.7142869591301938,1.177452647891313,0
2009-08-24,1.2194264786466664,1.1364787048906295,1.2202539940666097,1.1372265010987415,1.1758537907983382,1.1766394295026645,0.5471774038084889,1.1717568447951456,0
2009-08-25,1.2214561559405095,1.1366066832715056,1.221396800636967,1.136553045997987,1.1768845005567783,1.1768281489497312,0.4000343788465034,1.1669449691487457,0
2009-08-26,1.2213777031058093,1.1370171835990568,1.2225077848871995,1.138038398250305,1.1770628961285694,1.1781357897147398,0.3882798056666237,1.1732299527190115,0
2009-08-27,1.2214872158131471,1.1366352264909487,1.2238248656028157,1.1387476773365506,1.1769142384247484,1.1791335906055813,0.37464204115317273,1.1728370873669693,0
2009-08-28,1.2208380225446351,1.1365615490760739,1.22210438904239,1.1377059193709087,1.1765673651764947,1.1777696467419143,0.5361967246051345,1.1609545758155289,0
2009-08-31,1.22627704324245,1.1338916045861929,1.2248030834926558,1.1325596396641604,1.1777467247297484,1.176347355243514,0.46772428888523343,1.1592850744002967,0
2009-09-01,1.2211975222881382,1.1367083442746841,1.216897854451898,1.1328228876093558,1.176815130652532,1.1727330490544292,0.5420525552435262,1.1459295332943003,0
2009-09-02,1.2121501503247891,1.1402052395069406,1.2061857520681394,1.134815425259978,1.1743572958648008,1.1686947281282851,0.44531580817787425,1.1400373367067667,0
2009-09-03,1.2062798937407129,1.1405669747114546,1.2000257933695315,1.1349153669830563,1.171760721268577,1.1658231118972882,0.4244550332168546,1.14239421534178,0
2009-09-04,1.205989996635376,1.136225528072077,1.201952955230609,1.132577397557866,1.1693425343351367,1.165509788863433,0.296805521200001,1.153491152927756,0
2009-09-08,1.2050868628830493,1.1329664997214648,1.2024651954267522,1.1305973922275119,1.1672018428366964,1.1647128458054619,0.49851670321166003,1.1505450154493342,0
2009-09-09,1.2033959647669599,1.1305891335570681,1.2014891611352265,1.1288660230372403,1.1651503412151445,1.16334003206738,0.4512748082384606,1.1466169105140818,0
2009-09-10,1.2054362300375034,1.1253494408347808,1.2059525050473008,1.1258159801709249,1.1633664250422713,1.1638565737694104,0.42043076809758134,1.1555533629564103,0
2009-09-11,1.2088883762788882,1.119626283890226,1.212011600116591,1.1224486300201373,1.1619987599309056,1.1649639319023744,0.5067887534971762,1.1592850744002967,0
2009-09-14,1.207320569862193,1.1222882389877968,1.2122844711813257,1.126773939790983,1.162652858573122,1.1673655598796837,0.40918357473745026,1.167435952877161,0
2009-09-15,1.2047889525051452,1.1270286244660488,1.2113575542896369,1.1329644359188145,1.1639412437939205,1.1701774391213224,0.5620190033965347,1.1720515134015048,0
2009-09-16,1.1975092691178189,1.1432855099990944,1.205833986897928,1.1508082609225678,1.1690253831368382,1.176928825577941,0.9662238108943129,1.1963075986021112,0
2009-09-17,1.1984315848083908,1.153375725414065,1.2066443708452241,1.160797327608256,1.1747636211219725,1.182560796165948,0.7216647648144097,1.1968967790762093,0
2009-09-18,1.2019890103482782,1.1610658206353872,1.2094582639661187,1.1678155190678703,1.1804919491207857,1.1875832184714,0.8543617688812579,1.19915546096554,0
2009-09-21,1.2054423993758014,1.1656992311291732,1.2119246652773064,1.1715570239198503,1.1845652065869126,1.190719435089755,0.3882454432614625,1.1938525232214148,0
2009-09-22,1.2117854888897635,1.1683627871860482,1.216401141467019,1.1725337880061537,1.1889754273149722,1.193357503132561,0.4784986292441989,1.1942453102041468,0
2009-09-23,1.222588148320404,1.1662605973648001,1.2237396893821444,1.1673012040033006,1.1929991348494944,1.1940924017614103,0.47621139192649536,1.186487297079325,0
2009-09-24,1.231645023391228,1.1642455625979187,1.2302441398879183,1.1629796340767884,1.196239906010621,1.1949099147211202,0.46664088664212466,1.1876657363968317,0
2009-09-25,1.241635564186132,1.1609340103511194,1.238041943578186,1.1576865834159227,1.1992428216820314,1.1958310575381557,0.44609825165233435,1.1890405692057047,0
2009-09-28,1.243935435330335,1.1597046818480163,1.2373444420048336,1.1537486359572486,1.199688794793494,1.1934313410570734,0.7092824611900063,1.1718550415408286,0
2009-09-29,1.2411718570228139,1.161183228293123,1.2320895632743356,1.152975882952615,1.1991536159871286,1.1905309349821582,0.5803173129717175,1.1667484972880693,0
2009-09-30,1.2381230848984504,1.1597688104698494,1.2303666203434913,1.1527595697442206,1.1969633745570838,1.18959942868218,0.6649727151816147,1.1746047855278845,0
2009-10-01,1.2292055859350213,1.1603183852878407,1.2215554755286677,1.1534052530178704,1.1930189548221362,1.185755981005875,0.6077217421213293,1.1578120448457407,1
2009-10-02,1.2277131753705295,1.1558372882292096,1.2221021533451282,1.150766807494827,1.1899565792328004,1.1846295049961846,0.6519540494080418,1.1688107856860337,1
2009-10-05,1.228015272851075,1.1521306003037282,1.2247188602526429,1.1491517496598953,1.188152850996293,1.185023254543656,0.4878369827769542,1.1759796183367572,1
2009-10-06,1.2285326183068348,1.1511725660446532,1.2288837003416218,1.1514898263736122,1.1878951755339349,1.1882284909360106,0.5726041861136917,1.191692038077767,0
2009-10-07,1.2244673598364986,1.1585440326527878,1.2282487870007928,1.1619611736831075,1.1898376593969495,1.1934277260788053,0.5049228255728965,1.2057351131421654,0
2009-10-08,1.2229764418411004,1.1624383016284034,1.2288992728152217,1.1677905530028114,1.1911755945493525,1.1967986985306307,0.5587514510512059,1.2009231591264553,0
2009-10-09,1.2117459090464502,1.1817371708628552,1.2224195949761212,1.1913826006305952,1.1959822384572703,1.2061157786694237,1.1284320376980246,1.2366689688957695,0
2009-10-12,1.2067126254042775,1.2008316254357458,1.2194740927713883,1.212363708919728,1.2036233203601356,1.2157389890787753,0.6647319317253536,1.2475695129903794,0
2009-10-13,1.2093773415655593,1.21391299641855,1.22182375198299,1.2251603741597359,1.211759933215076,1.2235764885543507,0.6519025058003,1.2473731194990132,0
2009-10-14,1.2116086967319295,1.2283858857256722,1.2242101452987555,1.2397733659198595,1.2204217990720458,1.2323855467993736,0.8208005503246055,1.2604340703679606,0
2009-10-15,1.22646356041363,1.2339794742520835,1.2354319626866113,1.2420838999231076,1.2304116900950977,1.2389262431436734,1.023655392098472,1.256800555669757,0
2009-10-16,1.2360243810597846,1.2302827228221875,1.2358613648091412,1.2301354108432758,1.2330082726003289,1.2328535058457126,1.6524269846159183,1.194539978810506,0
2009-10-19,1.2472645101359392,1.2263702203321087,1.241107908454131,1.2208067186963,1.2362886837067393,1.2304436390685616,0.6461241138835873,1.208484778759911,0
2009-10-20,1.252085214612716,1.2247872994172169,1.2418617723968597,1.2155487388555397,1.2377455466040004,1.228039465360499,0.7550367435225428,1.2061279001248975,0
2009-10-21,1.2455056301008938,1.227129539728443,1.2315030623807635,1.2144759180646194,1.2358526205815974,1.2225586578399268,0.6166215228513694,1.1869783591770504,0
2009-10-22,1.2466190489153453,1.2268780394933898,1.230929917684227,1.212700330461692,1.2362490437614557,1.2213538666621995,0.518250999613053,1.2048512640617075,0
2009-10-23,1.235319170601234,1.2265807242098241,1.2199839225801303,1.2127228068293578,1.230728841293396,1.2161696390169627,0.5846510863575743,1.181970011669974,0
2009-10-26,1.2268038070939953,1.2212012973033142,1.2137604659685455,1.2094144945445342,1.2238607936866128,1.2114775155326103,0.5622339739455695,1.1795149362892776,0
2009-10-27,1.2231854228644856,1.2124531610085199,1.2137729054899637,1.203947404340038,1.2175477369498293,1.208611543404246,0.8121930966585685,1.184817874033403,0
2009-10-28,1.2297981664320456,1.1935539399759039,1.2266796781875904,1.1907358732329243,1.2107589771426206,1.2077983011179991,0.7550109306153164,1.1931651460016333,0
2009-10-29,1.2474821078804592,1.167932827618591,1.2515972507620183,1.1716515356553296,1.2056946577723446,1.2096015523675017,0.5425340399493377,1.2066188838533125,0
2009-10-30,1.2454668896663477,1.1678106483703639,1.2479218429011874,1.1700291021609057,1.2046738580002252,1.2070045774431732,0.6631153367552699,1.1844250086813606,0
2009-11-02,1.2447026665019807,1.1637846265107525,1.2474343922181141,1.1662531897337391,1.2021962032398523,1.2047896889930783,0.6061653224636332,1.1839340249529453,0
2009-11-03,1.2457248511979302,1.159729081082296,1.2494194435297383,1.1630677525676374,1.2005510426934864,1.2040586688508026,0.4907175881340203,1.189826221540479,0
2009-11-04,1.2462402880629173,1.1600556864101963,1.249113198779591,1.1626518334890261,1.2009672858459866,1.2036948118819935,0.546308972114415,1.1911028576036689,0
2009-11-05,1.2451167397640313,1.1618445189605133,1.2506834232249462,1.166874932513552,1.2013736190121656,1.2066585984533067,0.5762758666498636,1.208877565742643,0
2009-11-06,1.2449875599187126,1.167866450661712,1.2505812627147839,1.172921280625477,1.2044756345467849,1.209786265999904,0.428186971272125,1.2127074739322123,0
2009-11-09,1.2403154045343199,1.1832008582423716,1.247219942576311,1.1894402433246687,1.2103129803041357,1.2168681117138358,0.6676641628968725,1.2373564244848612,0
2009-11-10,1.2374923896115646,1.1975623242786566,1.2456924388291424,1.2049724166629836,1.2165170192823815,1.2243021020584233,0.5541510813018616,1.2462928769271897,0
2009-11-11,1.2365562140714392,1.209143324081918,1.2457545443388973,1.2174555274912962,1.2221561494952993,1.2308889949494495,0.5615718810958845,1.2490425425449354,0
2009-11-12,1.2370488247772968,1.2150939084659336,1.246619800754592,1.2237428585292949,1.2255158484012842,1.2346024816950245,0.4596413962415256,1.2399096966112408,0
2009-11-13,1.2445789385610766,1.2204014955979579,1.2521098536477637,1.2272069153033969,1.2318784629786796,1.23902827339732,0.42819552077005985,1.2474713162446966,0
2009-11-16,1.2544655539225222,1.2259001621185233,1.2600644591192982,1.2309596933064901,1.2394600770546123,1.2447756476390757,0.6726428479298336,1.2590592375590877,0
2009-11-17,1.265848623384369,1.229706931078285,1.269399891504588,1.2329160855789592,1.2468632955587537,1.2502348504777852,0.0883528956532955,1.2631837359857063,0
2009-11-18,1.2831172663811654,1.2270442740945804,1.283301155187791,1.2272104478588328,1.253661973261291,1.2538365563086828,0.34138186357187994,1.2584700570849896,0
2009-11-19,1.2958818939784302,1.223886049638948,1.2933770800239728,1.2216225384921742,1.2580622840030296,1.2556842270601232,0.4564598321158108,1.2524796637517726,0
2009-11-20,1.3119106645939818,1.2159480820290995,1.3062750417439717,1.2108553704058227,1.2615012627995819,1.2561508326719393,0.46039810901547024,1.246783860655605,0
2009-11-23,1.3160004570805706,1.2164029015452151,1.3108238973295854,1.2117250288922605,1.2636815942433055,1.2587669961613626,0.6022184960660389,1.2589610408134049,0
2009-11-24,1.3174819217860292,1.21698853448235,1.3129827373844076,1.212922781803857,1.2646924761200966,1.2604209745642017,0.41416225977041143,1.256309571941342,0
2009-11-25,1.317678048140309,1.2169811047298944,1.31327661568021,1.2130036869989378,1.264781673905992,1.2606029775194416,0.34117544252078,1.249926391625393,0
2009-11-27,1.3145994166715635,1.2187066229183925,1.3079406031821572,1.212689290361323,1.2642266751269846,1.2579048332904592,0.2854120821011575,1.234410287006439,0
2009-11-30,1.3124858839797968,1.219333632264406,1.3054453667824013,1.2129713676630778,1.2635527565121265,1.256868527221115,0.5419579353192666,1.2407935456916985,0
2009-12-01,1.3125872619174987,1.218732627746283,1.307953286828963,1.2145450695253992,1.2632851710634474,1.2588856999518554,0.5656821344347718,1.256407768687025,0
2009-12-02,1.3129993856064064,1.2156811697420666,1.3102005876909797,1.2131519957617547,1.2618778660067982,1.2592207022670607,0.3953652020801257,1.2492389360363014,0
2009-12-03,1.3132971970272493,1.2142800556115458,1.3120587534062877,1.2131609182258294,1.2612832272825072,1.260107455546652,0.49529214497613827,1.2525778604974556,0
2009-12-04,1.313114155383082,1.213898340362349,1.312373247079348,1.2132288079201272,1.2609958218611863,1.2602924074887871,0.6078077303409433,1.2496318013883436,0
2009-12-07,1.3132534428066696,1.2139234086389472,1.3121898304068251,1.212962260000099,1.2610751096607609,1.2600653217491637,0.35636954448521624,1.2475695129903794,0
2009-12-08,1.3131741138537834,1.2113537894570183,1.3129207263081786,1.2111248121579619,1.2596876245767534,1.2594470597990783,0.4601573255592091,1.2452126343553662,0
2009-12-09,1.3122151362558498,1.2130882468229256,1.313966533781772,1.214670922380646,1.2601435155835443,1.2618062830074073,0.5221118377910333,1.260826935720003,0
2009-12-10,1.3090284281818778,1.2198544516122307,1.3124656529815855,1.2229605492264908,1.2621850993097683,1.2654483821115623,0.6086074372246949,1.2701561751450638,0
2009-12-11,1.3120755327605313,1.2246097581467927,1.315142134127368,1.2273809365667285,1.2661295269537234,1.2690409418548398,0.567281465995564,1.2734950996062178,0
2009-12-14,1.3143688161041989,1.2292915943369596,1.317268841000074,1.2319122435337009,1.269677523508813,1.2724307916012254,0.4472505431191873,1.2759501749869144,0
2009-12-15,1.3148653847437477,1.2298805140076066,1.3173795273101134,1.2321524550886678,1.270222604392492,1.272609517869544,0.6760910084190359,1.2618089031768334,0
2009-12-16,1.3172479501033016,1.2305574484279687,1.318767844313627,1.231930922685754,1.2717091972487158,1.2731521766655767,0.5479599294896599,1.2639693883204808,0
2009-12-17,1.3168471634961105,1.2306366306330507,1.3165049541919964,1.2303273882747456,1.271560539544895,1.2712356478657634,0.5081473838084183,1.2511048309428998,0
2009-12-18,1.3185248470906357,1.2303657520149407,1.3168099903322454,1.2288160970472217,1.2722146381871111,1.27058656237209,0.7830603536187435,1.256113178449976,0
2009-12-21,1.322278308554733,1.2300113896818685,1.3197279186719415,1.2277066931921172,1.2738102488018725,1.2713889223168862,0.4103787781073993,1.2633802078463825,0
2009-12-22,1.3279522299043536,1.2307892806013123,1.325255347477877,1.2283522040180375,1.276912272245499,1.274351866524718,0.4759877896728148,1.2759501749869144,0
2009-12-23,1.3285481959493777,1.2332882193493533,1.3268569558887264,1.2317599059501316,1.2785078749512528,1.2769022207024827,0.3549250081610712,1.2766375522066957,0
2009-12-24,1.3273664245185204,1.236676725075123,1.327670932881729,1.2369518984360757,1.2797268823587975,1.2800159809667053,0.36674838835798423,1.2822351585571805,0
2009-12-28,1.322025243653633,1.2464652318190657,1.3255702208068685,1.249668701396967,1.2823333669413424,1.2856989492500381,0.49876603616585596,1.2993224111070631,0
2009-12-29,1.3201872883904593,1.2517484876496394,1.3257524865069354,1.256777558949818,1.284236202950066,1.2895197722131584,0.35979189206719214,1.2948051256977122,0
2009-12-30,1.3206027658062396,1.2590705547897718,1.3265681974567443,1.2644613028779506,1.2882797304572302,1.2939432792923329,0.33251644524700114,1.3018756832334426,0
2009-12-31,1.3236707580506712,1.260429873499267,1.3279926081208806,1.2643353754592812,1.2904501519146332,1.294553293206773,0.3631626138347154,1.2854758079033413,0
2010-01-04,1.3324344408418913,1.2620380031370688,1.334952233578788,1.2643132427472163,1.2954550034579764,1.297845382387366,0.5292833046308603,1.300697243915936,0
2010-01-05,1.3420992881766602,1.2588509658209823,1.34134840009884,1.2581724150124078,1.2983687213434911,1.2976558322270644,0.5882797727839393,1.2849848241749262,0
2010-01-06,1.3479365863138042,1.256122971859593,1.3439998178750594,1.2525654544529574,1.2997066485868867,1.2959691017316752,0.4819897838432081,1.2766375522066957,0
2010-01-07,1.346477599966099,1.2567244797409136,1.3406298146095863,1.2514400444179419,1.2993300453796703,1.2937781893055158,0.502222828359704,1.2722184635430283,0
2010-01-08,1.34861068350967,1.2564005429939862,1.3424548442659545,1.2508377303463234,1.3001724495799984,1.2943281287964596,0.36090973892217304,1.2849848241749262,0
2010-01-11,1.3450811807931982,1.2575335769825442,1.3379368848428732,1.2510775312188918,1.299092189889954,1.2923094336071508,0.4927468607928821,1.2715310079539366,0
2010-01-12,1.3446615273564262,1.254516840227496,1.3396114435336202,1.249953259365643,1.2973082816260881,1.2925137591124651,0.694913796809837,1.281645899713772,0
2010-01-13,1.3436951903417744,1.2523337121876876,1.339980861753262,1.2489772057501867,1.295702761025006,1.2921763973713587,0.5550883200129689,1.2788962340960264,0
2010-01-14,1.3443666873428668,1.2512363766681212,1.3445808188352961,1.2514298796702612,1.2954450855626478,1.2956483808538453,0.6115310366915679,1.2993224111070631,0
2010-01-15,1.3442034402892367,1.2530441479482597,1.3454851570807673,1.2542023897567876,1.2963172197219388,1.2975340747739939,0.7304182998057374,1.2941176701086208,0
2010-01-19,1.338807993553124,1.2611082654225976,1.3444298447327665,1.2661885320779234,1.2979921181362748,1.3033294735138845,1.1966292453497924,1.3172935911067136,0
2010-01-20,1.3378243955301314,1.260865115361441,1.3416838813458747,1.2643527952145508,1.2973974794119838,1.3010616545591416,1.3068059675824413,1.2790926275873924,0
2010-01-21,1.3347862382015987,1.2617239406728096,1.3353627480890016,1.2622449121222217,1.2964064175078345,1.2969537529049215,0.8262264398649278,1.2668172506839095,0
2010-01-22,1.3162011138941985,1.2708777320722973,1.3108222961981426,1.2660170861190039,1.2923926199596332,1.2872859992687147,0.867500785279606,1.2324462737234678,0
2010-01-25,1.3041286888248225,1.2728633142974795,1.2965325988112701,1.2659989983322257,1.2877049037965735,1.280493216651696,0.49344339825443917,1.2385348638023679,0
2010-01-26,1.2939762399711523,1.2750005316522743,1.2837176197373856,1.2657301819688864,1.2840082495376632,1.274268770472507,0.6135517598524949,1.2349013491041645,0
2010-01-27,1.2867834299460112,1.2736142306404952,1.2766248916026248,1.264434321396431,1.2798656142582827,1.2702211524034284,0.7497484680162871,1.240597073831022,0
2010-01-28,1.2721112169096547,1.274647512466881,1.260332082616688,1.2640031283903592,1.273443539762962,1.2622604927997456,0.8273958303276505,1.215260746058592,0
2010-01-29,1.257825308148534,1.2688416393088506,1.2469598390721341,1.259022901942911,1.2636122164300518,1.2532965983263253,0.9949868703551666,1.2019051265832856,0
2010-02-01,1.2551300260504452,1.2578632068543616,1.2482889596438795,1.2516811788280784,1.2565657732514774,1.2500709014722513,0.6228040429589253,1.2242953952466038,0
2010-02-02,1.2690388875534808,1.2290502274164825,1.2700380715134914,1.2299531543692555,1.2480327372166793,1.2489813571128259,0.5073218640174403,1.232740863960517,0
2010-02-03,1.2755694686736694,1.2144890646925113,1.2806678684037756,1.2190963069187324,1.2434837687711195,1.2483241621481669,0.35918142503195993,1.2340175000237068,0
2010-02-04,1.276387160878473,1.2024302649639704,1.2821338967067317,1.2076233854277398,1.237537405255232,1.2429933254488736,0.7848058487115372,1.2078955199165025,0
2010-02-05,1.2735018574968513,1.2013020429398755,1.2777083611768798,1.205103310475832,1.2355751014195753,1.239568733467118,0.7409604884130874,1.2130020641692614,0
2010-02-08,1.2661821336899741,1.1999172226080297,1.2687507510774056,1.2022383906444427,1.2313729983132617,1.2338116298934563,0.4917236338621609,1.1968967790762093,0
2010-02-09,1.264848179023023,1.1963305856610993,1.2676311543621472,1.1988454613428219,1.228855703607605,1.231497845478208,0.5197557934562965,1.2099578083144666,0
2010-02-10,1.2653840438404163,1.1892053558385771,1.2690883041052234,1.192552763890589,1.2253671748794486,1.2288839797205353,0.44878114986965717,1.2060297033792142,0
2010-02-11,1.2653665788835655,1.1891834077220529,1.2685852388018615,1.1920919960384715,1.2253473549068068,1.228403133381666,0.4375940496152027,1.215064352567226,0
2010-02-12,1.2685497706543125,1.1893443777973092,1.2701858312135628,1.1908228274466612,1.2269429655215678,1.2284962326474622,0.6894277319571273,1.2177158214392887,0
2010-02-16,1.2680108169465416,1.1908879424709842,1.2714770442022523,1.1940202485716391,1.2274979643005755,1.2307887818786496,0.582767977230714,1.2297948048514054,0
2010-02-17,1.2661469167872723,1.1940815960240554,1.272841504424676,1.200131256404361,1.2282908106602917,1.2346466162811816,0.5010877180954316,1.240597073831022,0
2010-02-18,1.2604132756835222,1.2033191761158788,1.270997171397681,1.2128834656642737,1.230421592172411,1.2404698860352203,0.4751622698818369,1.2551311326238352,0
2010-02-19,1.2612038474324554,1.2105098170919706,1.2712555624916952,1.2195931939392992,1.2345741374381125,1.2441171818395562,0.5419923799311387,1.2490425425449354,0
2010-02-22,1.263055695014417,1.2151189007445378,1.272129165196985,1.2233182725428364,1.2378743685171647,1.246488672475953,0.32745177199442604,1.2457036180837813,0
2010-02-23,1.2728574626876659,1.214902236349812,1.278453454633107,1.2199591349363208,1.2424134269764033,1.2477262317356643,0.39484927276244225,1.2418737098942119,0
2010-02-24,1.2784088628634551,1.2181491417890749,1.2826438683235963,1.2219761653684587,1.246754269891209,1.2507749613760253,0.41119566619373144,1.2529706474801878,0
2010-02-25,1.2891501716240927,1.2164797131981526,1.2905786500844967,1.2177705782990504,1.2509761850611567,1.252332374855018,0.4865815218879067,1.2478641032274287,0
2010-02-26,1.2982630772315513,1.2147159052945662,1.297624013298266,1.2141384059821247,1.2543755239124255,1.2537688000394582,0.41138482383553987,1.2487479523078862,0
2010-03-01,1.3080179439742101,1.214522758312203,1.3065223624667117,1.2131712545779207,1.258904672385343,1.2574847753182337,0.3936282564852669,1.262594555511608,0
2010-03-02,1.3152978245539706,1.2120759435645534,1.3125358618539718,1.2095800562563181,1.261075093842746,1.2584529012591044,0.5170729774456846,1.2513012244342658,0
2010-03-03,1.3171679084116397,1.211423681514607,1.3136412228928491,1.208236741435188,1.2616201826354325,1.2582719663064381,0.5494647233329034,1.2459982866901405,0
2010-03-04,1.3161095186341163,1.210323658763644,1.313261057641878,1.2077496060298636,1.260539922945388,1.2578356093467127,0.518706753618349,1.2444269820205913,0
2010-03-05,1.3161663054710697,1.2103855493057216,1.3138850975871563,1.2083241029998364,1.2605993907723205,1.2584336242342913,0.5279848496320058,1.2496318013883436,0
2010-03-08,1.314840294596443,1.210753700260999,1.3119394520678649,1.2081323121987089,1.2601633276471789,1.2574092832986603,0.5330667862938724,1.2413827261657966,0
2010-03-09,1.3107777429268967,1.2127080368961343,1.3063118029081684,1.2086723259822654,1.259261463528925,1.2550215240119635,0.6473881242705696,1.232937257451883,0
2010-03-10,1.3068597370499444,1.2125319116752704,1.302525361060673,1.2086150904883852,1.257309077588597,1.2531940442560368,0.5947117080524021,1.2336247130409748,0
2010-03-11,1.3068359763201718,1.2135533038864317,1.304131416942323,1.2111092899156624,1.2578343384996342,1.255266644322368,0.6812158569839986,1.2530688442258708,0
2010-03-12,1.306565500783515,1.2152693057914454,1.3054781801332593,1.2142867328512112,1.2586073648867087,1.257575068489244,0.4445161012941227,1.256407768687025,0
2010-03-15,1.3080145745520924,1.2125637077988651,1.309480336587236,1.2138882647381783,1.2578739784449178,1.259265565064802,0.38674919891615384,1.2553275261152013,0
2010-03-16,1.3061913133878273,1.2165696355221491,1.3094033798101976,1.2194722655311663,1.2591128058251042,1.262162324470272,0.5275290956267098,1.2635766013377487,0
2010-03-17,1.306676213014235,1.2177916997351421,1.3097389092818013,1.2205593492559705,1.2599849399843952,1.2628926474051951,0.5458875805142802,1.25464014889542,0
2010-03-18,1.3072673517750788,1.2203893422238197,1.3104033154155816,1.2232232008597173,1.2616301005307609,1.264607367602724,0.42602000237248566,1.2607286606050097,0
2010-03-19,1.3076032822409884,1.2209536222422004,1.310465156884759,1.2235397964150632,1.2620859836285445,1.264803032076089,0.9238832444391065,1.2541490867976948,0
2010-03-22,1.309979740737456,1.2217681322328924,1.31188378961536,1.2234887533798118,1.2636419463890145,1.2654496401882587,0.4859967855531899,1.256800555669757,0
2010-03-23,1.315919784235096,1.2236073181961327,1.3170316156131874,1.2246120406080165,1.2674277984338205,1.2684833651849183,0.5140805709617783,1.2704507653821129,0
2010-03-24,1.3270300154714645,1.2190575430702602,1.326124286737485,1.2182390682762867,1.2703117863603726,1.2694518923549127,0.5734812495124114,1.2622017685288758,0
2010-03-25,1.3277406605579511,1.221509461373472,1.3273051807295542,1.221115933764758,1.2719371269340964,1.2715236847191278,0.6537856149271604,1.269174129318923,0
2010-03-26,1.3282259897109459,1.2235612552769353,1.328235995726927,1.2235702973571534,1.273245324218529,1.2732548238764707,0.4773034258742499,1.2693705228102892,0
2010-03-29,1.329817833440024,1.2235566150231867,1.3292547287350565,1.223047757359636,1.273998530632962,1.273463922044229,0.3992433036673976,1.262790949002974,0
2010-03-30,1.3298625130045316,1.2237049076279247,1.3297168618169708,1.2235732878379608,1.2740976384051785,1.2739593579483786,0.2946472662117183,1.2645586471638892,0
2010-03-31,1.3314376503171634,1.2232059564245235,1.3302205032245236,1.2221060639528487,1.2745832514619246,1.273427698535912,0.42175503600366215,1.25945202454182,0
2010-04-01,1.3311564381034076,1.223214814085524,1.3296168156979502,1.221823512160535,1.2744544137307456,1.2729927044711669,0.42826432778709317,1.25945202454182,0
2010-04-05,1.3338467630007869,1.223877766261721,1.332308069477533,1.2224873037344919,1.2760797543044695,1.2746189269206762,0.35415966368248086,1.2702543718907469,0
2010-04-06,1.3363731298963852,1.2233871012943507,1.334447061041203,1.2216465814783377,1.2770212662770142,1.275192666829366,0.33761556311144836,1.2661298734641282,0
2010-04-07,1.3359742014177514,1.222068482729533,1.334617540795709,1.2208425168509427,1.2761392221314023,1.2748512158083483,0.4434412485489488,1.2617107064311506,0
2010-04-08,1.3322884607692833,1.2236634283232368,1.3299466804946078,1.2215472449054663,1.2752274401178203,1.2730041664766607,0.516522603516129,1.2531670409715538,0
2010-04-09,1.3324825195523278,1.2225824702672932,1.3312327048567356,1.2214530572464817,1.2747517291383874,1.2735651617652257,0.44585755040278413,1.264460372048896,0
2010-04-12,1.3324679946989084,1.220897614551238,1.3318819512450693,1.2203680279574318,1.2738597750064546,1.2733033884924911,0.34329078560596665,1.2605322671136436,0
2010-04-13,1.3324190105809677,1.2217720126482023,1.332419713255238,1.2217726476299107,1.2742958460406038,1.2742965131557897,0.5863623012519178,1.267111919290269,0
2010-04-14,1.325350130112034,1.2328387856065748,1.3278313660302186,1.235080990121841,1.2767536729193276,1.2791093450009716,0.734838143617919,1.2889129291101786,0
2010-04-15,1.3247773379099612,1.2383371497145492,1.3279671013605818,1.2412196253224494,1.2793700753972006,1.28239841972053,0.5525001239266167,1.2853776111576583,0
2010-04-16,1.3262377034159945,1.2415076940256862,1.3292840420817837,1.2442605617644624,1.2817288024127156,1.284620980014063,0.8208607256369931,1.2828243390312788,0
2010-04-19,1.3230947574306884,1.2497814115793653,1.3280868544018245,1.2542925917889112,1.284583060380305,1.2893225304877542,0.9762844325891407,1.2985368371415986,0
2010-04-20,1.324272035210595,1.2501513998066471,1.3277016810136812,1.2532506485516317,1.2853362667947377,1.288592354137762,1.3084397437551056,1.273593296351901,0
2010-04-21,1.325553106684832,1.2499559310585044,1.32649251806016,1.2508048436556565,1.2858417077331334,1.286733579857755,0.6500021332641481,1.2667190539382265,0
2010-04-22,1.3306910701110994,1.2481806409718044,1.328707608895538,1.2463882577240877,1.287348120561999,1.285465033115022,0.5175200997463347,1.2680938867470994,0
2010-04-23,1.3332423662516166,1.2481957065087612,1.3305139596777,1.245730142676365,1.2885671279695436,1.285976793392148,0.5328948098546445,1.2765393554610127,0
2010-04-26,1.3384177122886072,1.2479902899572768,1.3350608271497293,1.2449567924327327,1.2909159449987375,1.2877289362403257,0.45448210306469083,1.2838063848574193,0
2010-04-27,1.3376385733765521,1.2482981688791621,1.3323857572422735,1.2435513860489504,1.290707819467984,1.2857208239844657,0.9387075806178607,1.2650496308923045,0
2010-04-28,1.3376099021342527,1.246154434439741,1.3342563873910755,1.2431239826217353,1.2895680998600136,1.2863842909372154,0.612433912997514,1.2776195980328362,0
2010-04-29,1.3376898874883891,1.245270901973972,1.3360402864374403,1.2437802162645974,1.2891419467211929,1.2875758243250552,0.49760519520106816,1.2811549159853568,-1
2010-04-30,1.3353621586740183,1.2442991499215355,1.333669896824668,1.2427699131682637,1.2875265161337899,1.2859198918043055,0.5388623594131657,1.2668172506839095,0
2010-05-03,1.3402682728600706,1.2349037823816693,1.3410331556260413,1.2355949796914214,1.2849200236422378,1.285646199240585,0.4292618240172989,1.2727094472714435,0
2010-05-04,1.335521022725262,1.2362316572885839,1.3348799365276138,1.2356523305278728,1.2833640529727603,1.2827554091728461,0.7124123995012683,1.25817538847863,0
2010-05-05,1.329604032581919,1.238692060781872,1.3268161686052269,1.2361727674125171,1.2818477301575737,1.2792009470406664,0.5221892765127124,1.251694011416998,0
2010-05-06,1.304938251410892,1.2511522162824589,1.2978069888381034,1.2447079483178247,1.2766843030150814,1.2699139205510543,1.1323616828930383,1.216930169104514,0
2010-05-07,1.2797437303776864,1.2590339618120852,1.2693909280906681,1.2496785031620283,1.2688648334494323,1.2590359384477217,0.9101681234106874,1.1990572642198567,1
2010-05-10,1.2775099766130225,1.2526380801290844,1.2703529049505888,1.2461704894094825,1.2644447027350518,1.2576498172596489,0.727795659107513,1.2400078933569236,0
2010-05-11,1.276065731447946,1.250301966622445,1.270905558010761,1.2456389016975757,1.262531956740007,1.2576329157365578,0.5588288075661741,1.2460964834358237,0
2010-05-12,1.2711977606908074,1.2595685238084324,1.2743190715497525,1.2623891412475823,1.2650888913909473,1.2680522471906366,1.429717495815884,1.3029559258052663,-1
2010-05-13,1.269936609858478,1.262632560712477,1.278694899478955,1.270547115063847,1.2660997732677384,1.2744148464902016,0.902687148304277,1.291171610999509,0
2010-05-14,1.2689568568294045,1.2676496826410797,1.2803618560563363,1.2779559741854747,1.2682701947251414,1.2790980398619762,0.8530117702746617,1.2883236702667702,0
2010-05-17,1.2687444251425049,1.2694264391704768,1.2818850311582723,1.2813011367459686,1.2691026889391488,1.2815783098586926,0.7673072460201059,1.2809585224939906,0
2010-05-18,1.2696204449911652,1.2720873847752725,1.282058201529392,1.2833269423140812,1.2709163350709844,1.2827246744637266,0.8022700889978073,1.2761465684782807,0
2010-05-19,1.2712128283197321,1.2732897106143433,1.2811082712272825,1.2822318698847535,1.2723038201549919,1.2816985006132184,0.7454576887402372,1.2654424178750368,0
2010-05-20,1.270745949701836,1.2734852287352019,1.2702785521521829,1.2730628582187282,1.272184900319141,1.2717411555906863,1.1330237757427233,1.2157518081563174,0
2010-05-21,1.285028550550353,1.2668422181681507,1.2755889875788515,1.2583120213570687,1.2754752214118723,1.2665133509214774,1.086848101810052,1.2316606213886934,0
2010-05-24,1.2788752809302326,1.2689690155451891,1.2649892757751198,1.2564207273193018,1.273671493175365,1.260488194308163,0.5906187181228064,1.2221349884722663,0
2010-05-25,1.2721109904656733,1.270610304576147,1.2556394119766623,1.2557255258290114,1.2713226761461711,1.2556846478140804,0.8164409640315223,1.2228223656920478,0
2010-05-26,1.2631658392631215,1.2608649078136414,1.2499709402051058,1.2489411475498402,1.2619571538063727,1.249429987363522,0.7810481799557514,1.2101542018058329,0
2010-05-27,1.264409916609915,1.2501376456171875,1.2571357872677285,1.2435642740420996,1.2569126544087388,1.2500066349995913,0.6643363530324453,1.2411863326744303,0
2010-05-28,1.2661131349103292,1.237410699571117,1.2633814866150033,1.2349422063105566,1.2510356687061046,1.2484422564557782,0.6381959342698157,1.2300893950884544,0
2010-06-01,1.267932572838928,1.2242579899794686,1.2684743305395767,1.2247475571156172,1.2449901974180002,1.24550453927525,0.6135603093504297,1.2210547459004428,0
2010-06-02,1.2743494820282255,1.2136671734588316,1.280837794497546,1.2195304303174594,1.2424729027123436,1.2486328717942616,0.6625650450324252,1.2512030276885828,0
2010-06-03,1.277137661340907,1.2094496138228747,1.2883053293537872,1.2195414376030964,1.2415809485804106,1.2521834727346874,0.5714175322416776,1.2566041621783912,0
2010-06-04,1.280443801670329,1.2092542008095835,1.2880398296715208,1.2161184607364763,1.2430477135549853,1.2502593418256602,0.8314372766495044,1.2302857885798206,0
2010-06-07,1.2779763318900805,1.2090501926490915,1.2830780977909637,1.2136604767639376,1.2417692462295151,1.246612835431056,0.5977384769414698,1.2189924575024784,0
2010-06-08,1.2759917110899914,1.2094663674146855,1.2779348154347994,1.2112222815958529,1.2410457697740451,1.2428905426242358,0.722232237739835,1.214966155821543,0
2010-06-09,1.2745044986018386,1.2096405852305536,1.2742285969554312,1.2093912627405758,1.2404313110771124,1.240169371532808,0.6703211660002579,1.216733775613148,0
2010-06-10,1.2787258709429208,1.2142214615189642,1.2786339405133205,1.2141383872643843,1.244841531805172,1.2447542535480436,0.6431660698048421,1.2538544965606455,0
2010-06-11,1.2764491973952374,1.2201653005231625,1.2796195223136397,1.2230302102219164,1.2468831155313955,1.249893005016425,0.5004686193555536,1.2614161161941013,0
2010-06-14,1.2765163181689312,1.2262173755709864,1.2808278866391247,1.2301135864153068,1.2500941488245523,1.254187528820745,0.5806784470527537,1.2619070999225164,0
2010-06-15,1.2785034473337087,1.2347038920202043,1.2832752170722475,1.2390159703579187,1.2554954235477536,1.2600257161614983,0.5720366309815555,1.2745752638087315,0
2010-06-16,1.2759474682445413,1.2425603802259007,1.2837443967690128,1.2496061867994124,1.2584091414332685,1.2658115035839461,0.5504105937486564,1.280074673413533,0
2010-06-17,1.273222712663744,1.2507203230948456,1.2840489780455802,1.2605036334784807,1.2614021471183579,1.271680545444592,0.4790403714691087,1.286261460238116,0
2010-06-18,1.2775701207959407,1.2559796925907767,1.2867952309126576,1.264316095996006,1.2662286109989176,1.2749868810984175,0.8238874945260606,1.2781105817612515,0
2010-06-21,1.2880439111342261,1.2588158369566282,1.2942612463639769,1.264434221336325,1.2726903254395217,1.2785930301825925,0.5896900289096341,1.2830207325226448,0
2010-06-22,1.3052284010708886,1.2538143186764414,1.3061663408573252,1.254661901451132,1.2782204458029096,1.2791109208089255,0.5185261454744754,1.2697633881623316,0
2010-06-23,1.331465961738069,1.2418204512778257,1.327905031213894,1.2386025652068806,1.2843749348495512,1.2809942064959932,0.5895180524704062,1.2777177947785194,0
2010-06-24,1.3338313407840559,1.240645132401166,1.3277169171577037,1.2351197455716505,1.2848803757879468,1.2790753747695507,0.4785674362612322,1.2588628440677216,0
2010-06-25,1.3276926553100294,1.2436832099391024,1.319282132989566,1.236082920508951,1.283562268517193,1.2755773637053784,0.8960316107821336,1.2483551653251541,0
2010-06-28,1.3288911848734946,1.243505735511635,1.3204952597287725,1.2359186370292354,1.284037979496626,1.2760669331652215,0.5447440029587839,1.2666208571925435,0
2010-06-29,1.311110508592759,1.2507062719431172,1.3006596325935988,1.2412621875728773,1.2793800012015364,1.2694579955431797,0.8062427283026279,1.2284199720425326,0
2010-06-30,1.29113125378189,1.2557995469806578,1.279100597303422,1.2449278712645593,1.2725714135126784,1.261149572734671,0.6894535448643536,1.2126092771865293,0
2010-07-01,1.2740526524861564,1.2553661697422667,1.2619137871267236,1.2443967095149442,1.2642365930223132,1.2527120193127026,0.8377058671833851,1.203672824744201,0
2010-07-02,1.2586150602162751,1.2536762696130903,1.2465110218097162,1.2427382812625105,1.2560207002768058,1.244529191089586,0.5550109634980007,1.1967003855848433,1
2010-07-06,1.2545083067498275,1.2438224112525798,1.2458946755009368,1.2360385795187427,1.2488949772076643,1.2407172418678365,0.5459133934215066,1.2124128836951635,0
2010-07-07,1.2559258134408817,1.2382021737092386,1.2531468495013727,1.2356909229864583,1.246615537991724,1.2439772045224156,0.6096822899698687,1.2471767260076474,0
2010-07-08,1.2594710435169267,1.2309610479978137,1.2635764407327894,1.2346709492236128,1.2444946664659255,1.248392308578306,0.4677157393872986,1.2567023589240742,0
2010-07-09,1.2597241512886987,1.230298391785227,1.2678555720871263,1.237646467111778,1.24426672096253,1.251986648285269,0.33518208005503247,1.2566041621783912,0
2010-07-12,1.2584133845428143,1.2344071853090306,1.2693719289825867,1.2443100315654163,1.2458028637503582,1.2562068471051997,0.3617438082110858,1.2635766013377487,0
2010-07-13,1.2553742312498635,1.2399835337488563,1.2718392158926306,1.2548623538720205,1.2472894566065822,1.262921224776391,0.575063399870623,1.2813513094767228,0
2010-07-14,1.2542369115683516,1.2516331086200065,1.271066734970572,1.266841620534183,1.2528691269015746,1.268847271034123,0.5681413481917031,1.2837081881117365,0
2010-07-15,1.260263951364413,1.2598460141227565,1.2746430577416952,1.2728399003583812,1.260044407811328,1.2736958543359036,0.5319919335486984,1.2837081881117365,0
2010-07-16,1.27395606490777,1.2577740334758452,1.281708468489254,1.2647796044444002,1.2654556004298576,1.2728156908383106,0.6021668702515862,1.2572916177674827,0
2010-07-19,1.2974366109843791,1.2515166072128912,1.299492899915334,1.2533748022728162,1.2733147099407904,1.2752669396304155,0.7213208119359541,1.2745752638087315,0
2010-07-20,1.3138123476663015,1.2425481726175147,1.3086060605772547,1.2378434364280702,1.2763770855301262,1.2714342644727619,1.4048239062376562,1.2427575589746693,0
2010-07-21,1.3062252926952433,1.246140418334993,1.2970925513150835,1.2378874852667274,1.2746625471705066,1.2659919714544103,0.7408315060836665,1.2301875918341374,0
2010-07-22,1.3051852540029,1.2461369396319124,1.2960598696727332,1.2378906548676603,1.274167016218432,1.265503425246166,0.5940926093125242,1.251792208162681,0
2010-07-23,1.3058311598831234,1.2463456447581749,1.2975734760117792,1.2388834699902407,1.274583259370932,1.2667434585635182,0.43664817919944965,1.2607286606050097,0
2010-07-26,1.305542766287985,1.246115728178201,1.2986820958095295,1.2399159846504664,1.2743255839085739,1.2678121001285705,0.44498040479735346,1.261023329211369,0
2010-07-27,1.3060320023454273,1.2421833188668694,1.3024410185754964,1.23893827474826,1.2724921178040964,1.269082857060099,0.3996904259680477,1.2631837359857063,0
2010-07-28,1.30763698501515,1.2364125312476353,1.307152045668367,1.2359743088339508,1.2702225885744771,1.2697621897578488,0.36534676393693527,1.2612197227027353,0
2010-07-29,1.310556308924432,1.2286804982938246,1.3126971401237715,1.2306150911902123,1.2675467261786786,1.269579219844773,0.7733952284101132,1.2571934210217994,0
2010-07-30,1.3107472624507226,1.2292060012167185,1.3130654037167766,1.231300822904442,1.2679134193995742,1.2701142502926501,0.5177350702953696,1.260925132465686,0
2010-08-02,1.3081137475651718,1.2334158681909593,1.3143596170503897,1.2390600379609045,1.2688747513447607,1.2748045463570323,0.5535491637645642,1.2841009750944685,0
2010-08-03,1.3107441131808848,1.2382458921622042,1.3163041895127725,1.2432703350880931,1.2726606033895667,1.2779393100578227,0.43783483307146387,1.2802710669048993,0
2010-08-04,1.3212065230432706,1.2401112654606532,1.3249129739259822,1.2434606530960335,1.2786069669054543,1.282125851507438,0.39275119308654716,1.2891093226015444,0
2010-08-05,1.3228182937593145,1.246880543133406,1.326644192822237,1.2503378718343845,1.2829279898476185,1.286560277911669,0.388718378469339,1.294608653837036,0
2010-08-06,1.3254141243319524,1.2478552849764597,1.3280167631449136,1.2502071969632482,1.2846722581662005,1.2871431895054426,0.5276408967535501,1.2780123850155687,0
2010-08-09,1.3269924914859481,1.2532020307491898,1.329880168793064,1.255811521869802,1.2882301647076109,1.2909717100654365,0.5272539497652875,1.2962781552522682,0
2010-08-10,1.329927504529442,1.2566059129020895,1.3324600184436015,1.2588944555157469,1.2914114759508122,1.2938158310869918,0.470501724820105,1.2947069289520294,0
2010-08-11,1.3340100021240406,1.2555580111791995,1.3337171824112364,1.2552934004352567,1.2927989610348196,1.2925209595689564,0.5431102267861196,1.2749681291607737,0
2010-08-12,1.3353349610086638,1.2548889512064252,1.3307300394912756,1.2507276476628713,1.2930764564698196,1.288704568662952,0.44130872426118156,1.2599430866395454,0
2010-08-13,1.332848361468149,1.2561360670939925,1.3246916281366465,1.2487651177329582,1.2925511876497748,1.284807228743806,0.4015133597825205,1.2557203130979335,0
2010-08-16,1.3254589949297926,1.2571725070293842,1.31687499310917,1.2494154503544443,1.2895879198326554,1.2814383145132155,0.3447439536347574,1.254738345641103,0
2010-08-17,1.321921981556824,1.2567464188937676,1.313729553687636,1.2493432136505007,1.2876850838239318,1.2799072367152022,0.36960318080782395,1.2614161161941013,0
2010-08-18,1.321157080773896,1.2538907325076571,1.3153917821116603,1.2486808374720486,1.2858218877604914,1.2803483441117662,0.4198976575773173,1.270647158873479,0
2010-08-19,1.3212035317794928,1.2483208957833438,1.317946961427673,1.2453780491585558,1.282918087770305,1.2798263173330529,0.46454272475951863,1.2658352832270792,0
2010-08-20,1.3166039435274104,1.2474966276466495,1.3129961758339037,1.244236416494164,1.280301685292432,1.2768764899813512,0.5371082326157263,1.2520867983997301,0
2010-08-23,1.3133982816840202,1.2399603033579554,1.3110661585633654,1.2378528467662762,1.2748211148606485,1.2726070096697555,0.3469108403276858,1.2419719066398949,0
2010-08-24,1.3070425052014603,1.2326104542397471,1.305295735224513,1.2310319604331976,1.267943149358537,1.2662847753048678,0.48335696365238495,1.2265540771359342,0
2010-08-25,1.3011870267871912,1.229298728177643,1.2994541774976858,1.2277328140004664,1.26342391087194,1.2617787530443154,0.45017414258606037,1.2301875918341374,0
2010-08-26,1.2840578202149013,1.2343634956345237,1.2794780123106537,1.230224886368594,1.2579532583354849,1.2536052132583275,0.666116374943822,1.2057351131421654,0
2010-08-27,1.2792284349652476,1.2328035772928634,1.2745835752746877,1.22860618304485,1.2548413328145447,1.2504315279201308,0.5343479778834354,1.224884654090012,0
2010-08-30,1.2711689938428978,1.2318419493500496,1.2658265487342606,1.2270141720083798,1.2505103919770524,1.245438303225677,0.3099015434885421,1.2118236248517549,0
2010-08-31,1.264999547330291,1.2273800928533465,1.2603950042644025,1.223219131302932,1.2452379470760226,1.2408664185689802,0.4836149283112267,1.2091721559796922,0
2010-09-01,1.2690310645001017,1.2169072985827711,1.2692760316579925,1.2171286666773926,1.2416503105756496,1.2418828810823612,0.48352039059367796,1.2350977425955307,0
2010-09-02,1.2742459188360833,1.2049123525875,1.2780107492498929,1.2083144957255987,1.2378248106765526,1.2413991204924544,0.43882369759702383,1.227928909944807,0
2010-09-03,1.2740199514335737,1.2052674886397161,1.2821052270793487,1.2125738642355495,1.2379040984761271,1.2455802158382698,0.44222878176970826,1.2528724507345046,0
2010-09-07,1.2745032908324119,1.203849656843908,1.2836409218970575,1.212107008545868,1.237388747551411,1.24606396550775,0.3743325328865892,1.2368653623871355,0
2010-09-08,1.2747255575382574,1.2058750418228459,1.2832950329174988,1.213618971470155,1.2385581971183437,1.2466940111121958,0.38501225332129496,1.2381419984503255,0
2010-09-09,1.274635276158574,1.2080130777818112,1.2831413255453386,1.2156996916190137,1.2396384568083885,1.2477140545049377,0.29551569790579224,1.2408917424373813,0
2010-09-10,1.2797649038112704,1.2132070332631664,1.2868050652791327,1.2195689764043869,1.2448018760418733,1.2514857676051727,0.3799561295666547,1.2568987524154405,0
2010-09-13,1.2769020503767392,1.2250009245884905,1.2851732084516216,1.2324752755141983,1.2496382499087537,1.257490843052787,0.45326971849216124,1.2728076440171263,0
2010-09-14,1.284058587997578,1.2288160458113362,1.2903732306112514,1.2345223634077018,1.2550395325409627,1.2610346203927754,0.4170858592372845,1.2653442211293537,0
2010-09-15,1.2958599877497141,1.2300374254494828,1.2997529739256184,1.2335553783847555,1.2612832193734997,1.264979199583037,0.4095188959112602,1.2710400242255213,0
2010-09-16,1.2986095197662162,1.2349107003488988,1.3022862709486904,1.2382332494231063,1.2651483592178803,1.2686390470836448,0.4028548088911819,1.273396902860535,0
2010-09-17,1.3060186216117697,1.2379315995275808,1.3084603280495446,1.2401380826594788,1.2702523264424472,1.2725704694472628,0.8940538817310135,1.2785034471132941,0
2010-09-20,1.3036424146206178,1.248021676223311,1.308114183847221,1.2520626547846943,1.2744246916807902,1.2786701654164643,0.6144288232512146,1.2942158668543038,0
2010-09-21,1.3094546254137196,1.2541458796960958,1.3132490500712564,1.2575747660980754,1.2804007930646484,1.2840031994969237,0.45297730922144736,1.2960817617609024,0
2010-09-22,1.3176593415304605,1.258975909745495,1.3203947079851968,1.2614477629742702,1.28683277754629,1.2894297197972318,0.42326837934484046,1.3018756832334426,0
2010-09-23,1.3306433005689795,1.2572608536679346,1.3308039931821087,1.2574060658583948,1.2920953045519912,1.292247865257606,0.3352508870720658,1.293037427536797,0
2010-09-24,1.3339431737329985,1.265825154755855,1.3347749967742248,1.2665768436078786,1.2981605958127374,1.2989503241496214,0.6124424624954489,1.3169989225003542,0
2010-09-27,1.3337856280032974,1.2754762155373627,1.336157302207491,1.2776194130343885,1.3031555373697596,1.3054071921473764,0.5292918541287951,1.3223018602444796,0
2010-09-28,1.339572133309648,1.281642498374731,1.3416587343474167,1.2835280854058375,1.309141540830931,1.3111225486722966,0.6433036838389087,1.324658738879493,0
2010-09-29,1.345504165181474,1.28769613932663,1.3473205208612193,1.2893375152540887,1.3151374542784233,1.316861892625359,0.4429425004338459,1.3304527387213438,0
2010-09-30,1.3555255071130354,1.2870735202725019,1.355078535647027,1.2866696080802213,1.319567494979125,1.3191431426650015,0.5525431180364236,1.3172935911067136,0
2010-10-01,1.364898054684819,1.2888861122390733,1.363574830931669,1.2876903620678475,1.3249687776113337,1.3237125160723888,0.48335696365238495,1.332024043390893,0
2010-10-04,1.3702545678999198,1.2905734332541332,1.3685171331104085,1.2890033753239412,1.3283978543305723,1.3267483430538196,0.3491035399278406,1.3281941352013236,0
2010-10-05,1.3721992202013855,1.2995322813229329,1.3717228830604533,1.299101832416257,1.3340270824661766,1.3335748505376768,0.5333419321552947,1.3518610399278315,0
2010-10-06,1.3754382563906162,1.306547903748976,1.3756852897434377,1.3067711389903565,1.3392499695265945,1.3394845016676986,0.41128165441334535,1.3536285813501263,0
2010-10-07,1.3854325283752855,1.3108173073122291,1.3850832856603033,1.3105017091110591,1.3462369527872433,1.3459053836255315,0.5538329413306323,1.362270521924716,0
2010-10-08,1.3879049691519487,1.317525769275798,1.3883879043355194,1.3179621805985777,1.3509345868456313,1.3513930829204477,0.39045532406419786,1.3635471579879057,0
2010-10-11,1.3896185613306506,1.3254293535173371,1.3911382274581918,1.326802621664835,1.355899798443691,1.357342561319979,0.3443226442413336,1.3715014862347836,0
2010-10-12,1.3931007946585579,1.3316403683693445,1.3949306306441172,1.333293925968986,1.3608154680191533,1.362552704496176,0.4847414068708533,1.373367459510692,0
2010-10-13,1.396283973783334,1.3379895557803385,1.398486209528734,1.3399796377777127,1.3656617597813623,1.367752550594367,0.7553463339958372,1.3784740037634513,0
2010-10-14,1.406686783862621,1.3424746320588279,1.4078319165634545,1.343509447689849,1.372955968435974,1.3740431512843931,0.4861000371820953,1.3895709413494273,0
2010-10-15,1.4151705171795912,1.345033802887096,1.4152438657804067,1.345100085404906,1.3783275132002124,1.3783971499686885,0.6208693080176123,1.3852499710621324,0
2010-10-18,1.4270406692308935,1.3486079308286303,1.426313017866223,1.3479503782100155,1.3858397415538841,1.3851489132483765,0.8876305781671965,1.402631813849064,0
2010-10-19,1.4284334735575168,1.3480473639943384,1.4240279456468352,1.344066245350574,1.3862064347747796,1.3820238501893969,1.2175158332180385,1.3554945546260349,0
2010-10-20,1.432326901326759,1.3468496080425247,1.4259181161307846,1.3410582171479823,1.3874254500913317,1.3813409837764734,0.5972311793284321,1.3657076431315531,0
2010-10-21,1.4348054265670203,1.346704035538307,1.428091897352388,1.3406372583293773,1.3885255297540182,1.3821517411012318,0.5349498954207327,1.373171066019326,0
2010-10-22,1.436827835124564,1.3464235009139403,1.4296533398553946,1.339940165101577,1.3893381960863762,1.3825267687321265,0.3530074544223388,1.3715997613497768,0
2010-10-25,1.4371477926945204,1.3464739719505634,1.4304312400414723,1.3404044625680347,1.3895165916581673,1.3831399325691542,0.4187626295197558,1.3732691843956988,0
2010-10-26,1.4379848523856675,1.3472645948734987,1.4325160641577424,1.3423226457553912,1.3903292579905255,1.3851372197588798,0.6300443168157855,1.381420062872563,0
2010-10-27,1.438130701414562,1.34913263727346,1.4347191066525915,1.3460497006113368,1.3913797798126002,1.3881408300312605,0.5559396527111732,1.3888834857603358,0
2010-10-28,1.4383148612403718,1.3478342109848962,1.4371121600618906,1.3467473727712693,1.3907851331793017,1.389643295126763,0.4713530575183093,1.3836786663925833,0
2010-10-29,1.4340762192509813,1.3564566050289388,1.4366414071069533,1.3587746739199353,1.3933024278849584,1.395737803486367,0.7256803982290373,1.41019351185183,0
2010-11-01,1.4330519723492168,1.358306654859727,1.4398264212777965,1.3644284830441327,1.3937880567597196,1.4002196822624065,0.4879487839037945,1.4074438462340846,0
2010-11-02,1.4390555304752877,1.3638428630603652,1.444614400021142,1.3688662154567024,1.3995461147174955,1.4048236756695596,0.39781586633912225,1.4125503904868437,0
2010-11-03,1.4434539409310925,1.3694900753083803,1.4482830155754316,1.3738539380482109,1.4046005241014505,1.4091852216856156,0.4455995857439424,1.4157911182023148,0
2010-11-04,1.4414972499204688,1.3843893207219506,1.447792316414054,1.3900779480759125,1.4114983016671967,1.417474804055523,0.5694569843931382,1.441520232957477,0
2010-11-05,1.4456362457037617,1.3943272496330614,1.4517537728546501,1.3998554410071495,1.4186834925632712,1.4244914400512274,0.4295799639885282,1.4427968690206667,0
2010-11-08,1.4545382236163735,1.398772452834187,1.4589190325615273,1.402731233829317,1.4252443147760918,1.4294034313080926,0.3834816465708252,1.4382795052420059,0
2010-11-09,1.463853397453764,1.4006746219767334,1.4661499198798158,1.4027499074888305,1.4306654173809423,1.4328457234631942,0.4901844776137562,1.435137052641528,0
2010-11-10,1.4725571744095425,1.4024689584559078,1.4732537078917658,1.403098390952604,1.4357396467375394,1.4364009318922393,0.44473107184315747,1.4391633543224633,0
2010-11-11,1.4884557801005718,1.396648487336033,1.4853616263320157,1.3938524107921062,1.4402291631741808,1.4372915901705487,0.40863320080789467,1.4281646918514805,0
2010-11-12,1.4889588272607368,1.3964580155677955,1.483278495395717,1.3913249020002323,1.4403679029826733,1.4349750263558145,0.40685326110322884,1.4115682662913929,0
2010-11-15,1.4902350264562734,1.3959084791410057,1.4820344703952557,1.388497928740316,1.440685038362957,1.4328994743924701,0.3291370917748322,1.4105862988345623,0
2010-11-16,1.4833156669149938,1.399142631138161,1.4723394769700422,1.3892238392672944,1.4390993456435242,1.428678609740643,0.5453459204960813,1.3968379707458338,0
2010-11-17,1.47541194005663,1.4020965826258203,1.4625652475764994,1.3904874842430024,1.4368991863181513,1.4247026053340055,0.41153098736754135,1.393990030013095,0
2010-11-18,1.4749057835540347,1.397969427188334,1.4657433666419566,1.3896896773989447,1.4344909093710319,1.4257921598639887,0.3642632794871156,1.4176569347396029,0
2010-11-19,1.4761118549127852,1.3933515087736577,1.4711500773810844,1.388867727161522,1.4326376232939124,1.427926938299755,0.4313082778787413,1.424432902038284,0
2010-11-22,1.477078062098365,1.3904596604411308,1.475718287960239,1.389230880988962,1.4315771835765094,1.4302862212979734,0.32079623447228267,1.427771748130128,0
2010-11-23,1.4755302915598192,1.3862738389625038,1.475099120804779,1.3858842053098888,1.4286436378093454,1.4282342866055258,0.39299197654280826,1.4060689350559015,0
2010-11-24,1.4771288350483693,1.3834331705082383,1.4806934821348403,1.386654415104143,1.4279102513675543,1.431294508205436,0.4191152141028572,1.4318963249260568,0
2010-11-26,1.477228079248897,1.380456902272898,1.481402024824421,1.3842287482095645,1.4263939206433605,1.4303566422009935,0.17896729792377908,1.413139570960942,0
2010-11-29,1.4755182878501587,1.3803983550988024,1.477854334865493,1.3825093575743306,1.425551532261047,1.4277693627765173,0.43340643976134735,1.403221151061783,0
2010-11-30,1.4692346047317788,1.3819637919179693,1.46890249997957,1.3816636806832874,1.4233910128809577,1.423075714409246,0.6599424043342008,1.3891779976280747,0
2010-12-01,1.472808831045749,1.3828279143554525,1.4717655958410087,1.3818851798619647,1.425541614365719,1.4245511724539344,0.5866804412231471,1.4181479968373283,0
2010-12-02,1.4784067879705074,1.383863104499278,1.4767247663743672,1.3823431214980646,1.4287427376725543,1.4271458353845816,0.4621006922051679,1.425709538101474,0
2010-12-03,1.4783925940555431,1.3858003108548975,1.4782614723635028,1.3856818208524808,1.4297536195493452,1.4296291333177162,0.31906792058206956,1.4276736297537551,0
2010-12-06,1.4784019557508639,1.385678659296574,1.4797333427104045,1.3868817862666336,1.42969415963142,1.4309581712747586,0.28563568435483805,1.4238437215641857,0
2010-12-07,1.4781127535157368,1.3833552909877862,1.4801785654906532,1.3852220916833196,1.4283364045063751,1.4302976753228953,0.4152027501104242,1.4143179319091386,0
2010-12-08,1.4803876512244478,1.384695509579859,1.4818273211183979,1.3859964879806028,1.430120312770241,1.4314871276511263,0.42662191990978304,1.4237454464491925,0
2010-12-09,1.4810043867363614,1.3812893635680576,1.483754777122111,1.3837747933881228,1.4286238178367034,1.431235023727223,0.37880392030651266,1.4170677542655046,0
2010-12-10,1.481691338286179,1.3824043168630678,1.4842510311774881,1.3847174201502341,1.4295355998502857,1.4319657585616956,0.30128554032457017,1.4221742985182637,0
2010-12-13,1.485051432846095,1.3819903597419774,1.4857649607567913,1.3826351494983267,1.4309131749479724,1.4315905945219767,0.407670149189561,1.4168713607741386,0
2010-12-14,1.5005558147524676,1.3762054096623226,1.4993175490170265,1.375086433025415,1.435234213708151,1.4340586108558562,0.4128122611638152,1.43199460004105,0
2010-12-15,1.5012087490179074,1.3762002152075163,1.499686015215663,1.374824174911663,1.4355414311931063,1.4340957558828977,0.38242397502823183,1.4211921743228129,0
2010-12-16,1.5006719738821235,1.3754966913555802,1.4995162497575933,1.3744523046322412,1.4349170625098526,1.4338198242205449,0.35931040736138076,1.4195227512768909,0
2010-12-17,1.5009494344218846,1.3745290189825008,1.5008066810989857,1.374400017889607,1.4345404513936288,1.4344049221540067,0.8622038780687046,1.4239418399405586,0
2010-12-20,1.5005026114462332,1.374027202943069,1.5004351636253634,1.3739662527499046,1.434064740414196,1.434000705814573,0.343522937357582,1.4191299642941588,0
2010-12-21,1.5016167498256496,1.37626543609002,1.5017399623309766,1.3763767788421364,1.4357693687874944,1.4358863460796496,0.32478613718639476,1.4312088693369653,0
2010-12-22,1.500656505842122,1.3789632428097083,1.501790763830192,1.3799882313501726,1.4367307086416883,1.4378075670960964,0.2913968950689702,1.43327123610424,0
2010-12-23,1.5020641539881532,1.3806909477239546,1.503080437409364,1.381609326850715,1.4383064834657928,1.439271337498752,0.20847843845393182,1.432681898891521,0
2010-12-27,1.5027375664775275,1.3810634640429937,1.5034286296432755,1.3816879532095492,1.4388218343905093,1.4394779260560675,0.199036915498982,1.427280842771023,0
2010-12-28,1.5055496620034916,1.3812201752804596,1.5056282579507996,1.381291199638379,1.4402390494334794,1.4403136680045903,0.2321338305524036,1.4309143574692262,0
2010-12-29,1.5042908659492282,1.3836783348164738,1.5058963304293629,1.3851291358789908,1.440932780111972,1.4424569994843448,0.3148115037111809,1.4388686857161042,0
2010-12-30,1.5050906946424414,1.3866345151099164,1.5067923842430295,1.3881722713861564,1.4428653460796586,1.4444809210656366,0.26132683111132704,1.44034171527066,0
2010-12-31,1.507685900863184,1.3884588042838408,1.5089956272247398,1.3896423573430727,1.4450555875097033,1.4462990346974127,0.2553678310507407,1.4412255643511176,0
2011-01-03,1.5081292704011442,1.3927370395606107,1.5097835387430505,1.3942319429345704,1.4475134222974344,1.4490839757945915,0.39587258189987434,1.4482962002561581,0
2011-01-04,1.512581421393051,1.3946190008316914,1.513672050570164,1.3956045635697938,1.4506154457410612,1.4516508832361912,0.435109022951045,1.4498675049257073,0
2011-01-05,1.5141002679361004,1.3957179916527807,1.5149157308563712,1.3964548964462602,1.4519137409481806,1.4526879370739176,0.40048150114715353,1.4440735050838565,0
2011-01-06,1.5124078482860286,1.4023601802190022,1.5143438530506117,1.404109678762414,1.4545995133302998,1.456437545877078,0.4324519376409485,1.4598841999398595,0
2011-01-07,1.5143757844259016,1.4044305860697022,1.5160281051339428,1.4059237294363145,1.456621277083882,1.4581899815078863,0.3556214634159174,1.4527152889198258,0
2011-01-10,1.5200808032049067,1.403614451056922,1.5202920275354097,1.4038053269603847,1.4589007162998222,1.4591012515470687,0.31242956426250673,1.4498675049257073,0
2011-01-11,1.5253820361485744,1.4017859315068475,1.5240564059589319,1.4005880067246832,1.4604566711512847,1.4591981249544324,0.3580205840671721,1.4463321086038767,0
2011-01-12,1.5255536680460322,1.4064983792893433,1.5250726089760163,1.4060636633435541,1.463013605802225,1.4625568908995616,0.3518208005503246,1.464205013488534,0
2011-01-13,1.5276982454534216,1.4086166939423308,1.5273359595009273,1.4082893090320339,1.4651443873143446,1.464800434972849,0.2962982235869632,1.4614553478707883,1
2011-01-14,1.527928936227236,1.4145209716636604,1.5283575459202778,1.414908290975775,1.4683554285165084,1.468762348261794,0.3907476511282008,1.4730433475544897,1
2011-01-18,1.5263574877243566,1.421921706383627,1.5281250075788881,1.4235189511154187,1.4714970919054189,1.4731751657816496,0.7891052596922329,1.4794265278704388,1
2011-01-19,1.508230055754741,1.4534903262766297,1.5149630303406083,1.459574675574882,1.4794751291612096,1.485867379145222,1.0439829743325164,1.5289208224671023,0
2011-01-20,1.505732142053956,1.47225576774197,1.5144779451095662,1.4801590384294534,1.4881469129135079,1.4964501314582128,0.6397437222228661,1.530001065038926,0
2011-01-21,1.5056587379066533,1.4852267704461661,1.5158151075210549,1.4944047198870989,1.4949257706434032,1.5045681735185834,0.6026914312739154,1.527055005929814,0
2011-01-24,1.5022346298579061,1.510394786989023,1.5150122143846847,1.5219414349760882,1.506521182267537,1.5186521525311798,0.6264328115920011,1.5676126913455284,0
2011-01-25,1.504442439163061,1.5344353918017135,1.518387212044287,1.547036786328327,1.5201978175631785,1.5334369101945657,0.7103315010279538,1.5853874778538128,0
2011-01-26,1.5183056989601167,1.5478679200313463,1.529868786558647,1.558317070405896,1.5338348129135362,1.544812746303035,0.4603035712979215,1.58145929454925,0
2011-01-27,1.5323171851289688,1.5577894190954018,1.5412455055246481,1.5658576242016633,1.5456978178953569,1.5541743174244558,0.41947634818389345,1.5817539631556095,0
2011-01-28,1.5556502940093113,1.5563064035900211,1.5582701276988304,1.5586738539742573,1.5559949501303865,1.5584822061932706,0.5783224027180169,1.56348827128822,0
2011-01-31,1.5789399429777737,1.5579001382368753,1.5780409838949083,1.5570877809354724,1.567887677162162,1.5670342102271855,0.6188743977639117,1.5908868090893042,0
2011-02-01,1.60751741604055,1.5564323012037087,1.6034727767839279,1.5527773047814188,1.5806822683121917,1.57684230948066,0.5014231214759525,1.6062064418475819,0
2011-02-02,1.6176972389876239,1.561590530265557,1.6136677055860553,1.5579491844663942,1.588224234533833,1.5843986171201243,0.33569800937271593,1.6036531697212022,0
2011-02-03,1.6320911262566153,1.563167042964162,1.6269408570729884,1.5585129281604335,1.5958851205913256,1.5909954826331185,0.40271719485711527,1.6059117732412225,0
2011-02-04,1.6562777720411659,1.557346921184957,1.6488316718313263,1.5506181456625383,1.6043091309585789,1.597239843329422,0.32290294585282353,1.6105274121348767,0
2011-02-07,1.6611105837949243,1.5627713831015002,1.6551843893300395,1.5574160922603002,1.6094527381284296,1.6038264408670486,0.4237585779620085,1.6185800154967476,0
2011-02-08,1.6598788620944924,1.5725818708380954,1.6571511442546105,1.5701169293901132,1.6140215186376234,1.6114318379406292,0.48261751428773186,1.630658920539554,0
2011-02-09,1.664412476616682,1.5752958104649346,1.6618134485804967,1.5729471614084993,1.617599253060683,1.6151317497735587,0.39843504728571116,1.6169105924508256,0
2011-02-10,1.6702985866637339,1.5756744207932636,1.6666727154557155,1.5723978501395786,1.6205922587457724,1.6171498760550467,0.49338322294205156,1.6114112612153342,0
2011-02-11,1.6907012279876545,1.5659913162214225,1.683515416022946,1.559497753914412,1.6251907771229366,1.6183686057585978,0.44586609990071896,1.6090543825803207,0
2011-02-14,1.6959686953213136,1.5635330093157978,1.6873639047071811,1.5557571665486798,1.6263998745441606,1.6182305324555877,0.35511416580287963,1.602867595755738,0
2011-02-15,1.6936888745657914,1.5642348110537672,1.6849954484386325,1.5563788715308091,1.625686308075011,1.617432815905445,0.32406378681761133,1.5991358059425413,0
2011-02-16,1.6939552058317822,1.5641827898552247,1.6855327916290797,1.5565717541546937,1.6257854079382201,1.6177892130371465,0.27653811427834385,1.6046351371780327,0
2011-02-17,1.6950265670796387,1.5645541796959883,1.6877644432751178,1.5579916570976402,1.6264890723300558,1.61959445091402,0.2777849434627456,1.6128842907698901,0
2011-02-18,1.6953826245403911,1.5658171977766837,1.6899381573427985,1.5608972267073493,1.6273215586350558,1.6221526106592505,0.36501999226106024,1.6187764089881138,0
2011-02-22,1.6883300896281377,1.5667756384253022,1.6826010302138048,1.5615984915071468,1.6244772106537875,1.6190380723527837,0.4479384488760986,1.5903957469915788,0
2011-02-23,1.67709808183458,1.5658510022190566,1.6714531376428674,1.5607498672313183,1.618659692778086,1.613300413018592,0.5157659729488953,1.573013904204647,0
2011-02-24,1.6705925954485796,1.5644095951246761,1.6651730649757484,1.5595121584852385,1.6148143808153548,1.6096691076323806,0.49077776344640783,1.5788079040464977,0
2011-02-25,1.6695951862864473,1.5618960752943727,1.665801595048815,1.5584679420242735,1.613020554656161,1.6094189394682756,0.38852913862081967,1.59363647470705,0
2011-02-28,1.6681481076617783,1.559487061132413,1.6654362034441077,1.5570364098915266,1.6110681687158324,1.6084935013870065,0.4104217722172062,1.5897084481411077,0
2011-03-01,1.6610463214882656,1.5597730973369384,1.6573043745799987,1.5563916332076664,1.607847225436355,1.6042946410979628,0.3768691853651996,1.5709516941759927,0
2011-03-02,1.6561561205092077,1.5591359994739806,1.6519538410364338,1.55533854920365,1.6051911909222059,1.6012015693143897,0.2934777935422847,1.572817510713281,0
2011-03-03,1.6560918743418889,1.5593450088627157,1.6554417648940676,1.55875752811224,1.605270486630788,1.604653276205523,0.34892301399067793,1.6054208678821174,0
2011-03-04,1.657350299361028,1.5536609945360316,1.6590589539754559,1.555205044847178,1.6028820296563102,1.6045042171890962,0.42226233361669985,1.5892173860433823,0
2011-03-07,1.6592071568875635,1.5427195749582632,1.6623066708999532,1.5455204953636053,1.5980159179214597,1.600958579911857,0.4567694225891053,1.57055875045464,0
2011-03-08,1.6590440126090302,1.5434896023022502,1.6632036873075584,1.5472485521557178,1.5983429711970716,1.6022921440605746,0.4630293814183403,1.59363647470705,0
2011-03-09,1.6530961101781685,1.559580655886208,1.6592705219099904,1.565160251829803,1.6039721914236684,1.6098341448278695,0.7813405892264653,1.628793104002266,-1
2011-03-10,1.6551754210071712,1.5600599532564285,1.6592563985076165,1.5637477872552583,1.6052110108948476,1.6090854690602971,0.6054774167067218,1.5910832025806703,0
2011-03-11,1.655262552962,1.5602642095880073,1.6593199122232614,1.5639307006253906,1.6053596685986684,1.609211703734427,0.367255685971022,1.5951095042616057,0
2011-03-14,1.6545572470268348,1.5599770950476262,1.6572610157807188,1.5624203945596815,1.6048740397239074,1.6074409832870191,0.3697923384496324,1.5848964157560874,0
2011-03-15,1.650901824723692,1.5614880321126652,1.648573094231932,1.5593836413188698,1.6039325198423553,1.6017216355951511,0.5568425290171193,1.5616222980123116,0
2011-03-16,1.6145440041166392,1.5808349101771215,1.6033348093906343,1.5707055601854707,1.5968365267321762,1.5861945773390365,1.0486521510988942,1.5025042521228484,0
2011-03-17,1.5946122141315588,1.5813007268471415,1.581969656931594,1.5698760982455153,1.5876196541871916,1.5756168781438982,0.6342834702773827,1.5140920950679295,0
2011-03-18,1.5850268114210138,1.578756040209239,1.5727147122352263,1.5676300347437944,1.5817327584982364,1.570043717522394,0.9845651145793026,1.5308849141193834,0
2011-03-21,1.581856054744811,1.5773763943284327,1.570487145757127,1.5671027162476772,1.5795028771229083,1.5687092958657767,0.49735586224687217,1.5484631503976813,0
2011-03-22,1.579651193606921,1.571293993647101,1.5722074735123974,1.5645673689501112,1.5752611340713112,1.568194106110878,0.3707295771607397,1.5516056029981593,0
2011-03-23,1.588670640944714,1.5512009753445055,1.5902946515716774,1.5526685358992802,1.568987725188819,1.5705295521735863,0.4112386603035384,1.5666307238886978,0
2011-03-24,1.590522939480048,1.5457915512259703,1.597194474374845,1.551820379663943,1.5670254213531623,1.5733593408237805,0.44247819693061513,1.5716389930264638,0
2011-03-25,1.5910295503164287,1.544862097804103,1.6044624290670302,1.5570009118390298,1.5667776637861326,1.5795307668735863,0.4598736301998519,1.5926545072502194,0
2011-03-28,1.591057087651591,1.544799482719311,1.6082919651005534,1.5603740275471156,1.5667578438134906,1.5831205440869824,0.34161401532349533,1.5847000222647212,0
2011-03-29,1.5879372020662512,1.5549012650233225,1.6071022550806937,1.5722200407549511,1.5705833358035801,1.5887785344134655,0.2972354622980705,1.5995285929252734,0
2011-03-30,1.604107099433924,1.5602875445924724,1.6184495260585188,1.5732482846421616,1.581088569842341,1.5947051928063136,0.2918526490742661,1.606599228830314,0
2011-03-31,1.622656717057826,1.560297225876469,1.6318206220333829,1.5685783203758175,1.5898991092211467,1.5985992714876804,0.3319833347267371,1.601394566201182,0
2011-04-01,1.6370744364111494,1.5630785213669969,1.64312402375844,1.5685453179606548,1.5982041839345347,1.6039476297371031,0.37679174664352055,1.613178802637629,0
2011-04-04,1.647976574512365,1.5656219095574249,1.6517390505599905,1.569021925138668,1.6047154483067434,1.6082875229000093,0.27732063995951484,1.612982409146263,0
2011-04-05,1.6626182390535535,1.5636917739837335,1.6633744492441693,1.5643751341960626,1.6106519018363101,1.611369843738099,0.3105894492454534,1.6104291370198833,0
2011-04-06,1.6734378325781072,1.5624232645513274,1.6722373468541174,1.5613384283650076,1.615121582482295,1.6139818477703762,0.32458834783994056,1.6109201991176088,0
2011-04-07,1.685689034162615,1.5595403369590437,1.6828543885229539,1.5569787686672714,1.6194227854518175,1.6167315880748307,0.3152929884169922,1.6142590452094527,0
2011-04-08,1.689256812171914,1.5598442977488947,1.6862134944941096,1.55709415996935,1.6212760715289367,1.61838676203739,0.2858334737012922,1.6110184742326021,0
2011-04-11,1.7002998195398005,1.5547326707675595,1.6957998771035683,1.5506662330801912,1.6238330061798771,1.6195607849499858,0.35590524098198545,1.6100363500371513,0
2011-04-12,1.7020611369381875,1.553839091797103,1.6968581293509242,1.549137319176601,1.6241996994007726,1.6192599918848238,0.3319661535241565,1.6031621076234768,0
2011-04-13,1.702652684126574,1.5539648619211788,1.6981536836749256,1.5498992754717245,1.6245465726490262,1.62027524573425,0.35959410272073794,1.6100363500371513,0
2011-04-14,1.7045873734923742,1.555801167553752,1.7009158699833684,1.552483360615131,1.6264295807761007,1.6229438750234004,0.40406727567042244,1.6200530450513035,0
2011-04-15,1.6994140117383925,1.5641362570517066,1.6983706622441246,1.563193419278844,1.628352244666474,1.6273616942488247,0.4546540795039187,1.6322302252091032,0
2011-04-18,1.698159967405848,1.5684579216385595,1.698647230600845,1.5688982440310972,1.630027135171802,1.6304897402374692,0.5297476081340909,1.6295786779677304,0
2011-04-19,1.6991417284170818,1.5702309104028085,1.699827936582732,1.5708510122787152,1.6314245302421304,1.632076012596618,0.5629735055169335,1.6242757402236052,0
2011-04-20,1.7002966434345343,1.5705267655660622,1.7003750522213876,1.5705976207937455,1.6321281788159514,1.6322026196979298,0.9365665068321586,1.6178925599076561,0
2011-04-21,1.694084540536109,1.5834983657721848,1.6969007637025462,1.586043286331131,1.6359933265693392,1.638667033748989,0.5295498187876369,1.6525582838437674,0
2011-04-25,1.6947555243943684,1.589721677371279,1.6982060992224866,1.5928398389306728,1.6395809630697125,1.6428569203169252,0.3081645978936832,1.6465678905105505,0
2011-04-26,1.6962438781580558,1.596942087843044,1.7001223526484863,1.6004469270850743,1.6440803815836675,1.647762584476797,0.6277140031815641,1.6546204938724214,0
2011-04-27,1.6990519200484484,1.6078374885777955,1.7032937701768633,1.6116706974400845,1.6511367347485628,1.6551639245247516,0.45571175104651196,1.673082579231177,0
2011-04-28,1.703172392334687,1.6169997541948387,1.7074410907268733,1.620857224876737,1.6579056745831298,1.66195835395704,0.4374822484883624,1.6771088809121124,0
2011-04-29,1.707861572129477,1.6233464135149247,1.7117498778707956,1.6268601369081839,1.6634655328144878,1.667157069444516,0.4804763582953189,1.6751449459984515,0
2011-05-02,1.7083694236626636,1.634094159800749,1.7135170662182964,1.638745901014322,1.669352428503443,1.6742395727551105,0.4640096142392546,1.690562697133102,0
2011-05-03,1.7120003276695124,1.6438875138247369,1.717384029594923,1.6487525734821176,1.6762204840192336,1.6813317417713227,0.4306031909192494,1.6976333330381426,0
2011-05-04,1.7236965537739635,1.6431663635939076,1.7254727031329224,1.6447714065014594,1.6813938290570545,1.6830800957385357,0.5924846460470862,1.6755377329811838,0
2011-05-05,1.7403578177729853,1.6351096312665692,1.7356682221826507,1.6308718107794653,1.6850706633433228,1.6806183864254414,0.6304656262092093,1.6543258252660622,0
2011-05-06,1.7421475885241924,1.6346431069256468,1.735515876634165,1.6286502651185513,1.68567519623592,1.6793790845125842,0.4161313571168857,1.6585485204383636,0
2011-05-09,1.7471371641364084,1.6328321069730907,1.7383432693009637,1.6248853774572463,1.68709241127889,1.6787435346561759,0.3091104683094362,1.6606108872056382,0
2011-05-10,1.751675213365608,1.6322969987994187,1.7427900672277044,1.6242678087320006,1.6889655173286513,1.6805300072084766,0.4243346825920795,1.6731808543461701,0
2011-05-11,1.7501608540167046,1.6320240859552602,1.7420532251000738,1.6246975105047992,1.688103293155681,1.6804059537179983,0.40098024926225645,1.6645389137715805,0
2011-05-12,1.7492730084501866,1.635580913082524,1.7447348542274221,1.6314799447648067,1.6895502460666212,1.6852417467714058,0.4418504664860914,1.6914465462135595,0
2011-05-13,1.748398728213654,1.635125769647917,1.744313697732963,1.6314342731152103,1.6888961395153976,1.6850178334722266,0.4443354931502491,1.6686634905675093,0
2011-05-16,1.7461943392571588,1.6309107412855735,1.7433388730784678,1.6283303582143274,1.6856355562906362,1.6829245920054896,0.40089426104264253,1.6582540085706248,0
2011-05-17,1.7505905432014823,1.6224666890667117,1.7515178192752705,1.6233046354241334,1.6832867392614423,1.6841670901958257,0.7543918318754385,1.6743592152943667,0
2011-05-18,1.75064613205306,1.6220768501062717,1.7527182176850802,1.623949320082256,1.6831083436896515,1.6850755706825997,0.3572208771834205,1.6737700348202684,0
2011-05-19,1.7546605002564195,1.6224677708447652,1.755576720305877,1.623295726266825,1.6852193052291289,1.6860891596332712,0.30425213390125017,1.6752430643748244,0
2011-05-20,1.7576287668908397,1.6221815112071896,1.7572766217640663,1.6218632901998709,1.6864779604909648,1.6861436357950552,0.41875399781511,1.6710203692025227,0
2011-05-23,1.7541112916314552,1.6237753537783914,1.7510768126022411,1.6210332031707368,1.6856454741859648,1.6827645560600157,0.44232340169396794,1.652361890352401,0
2011-05-24,1.7481027175181811,1.6246959982861202,1.7441385955987958,1.6211137625133867,1.683276837184129,1.679513321081008,0.3992949294818503,1.6497103431110283,0
2011-05-25,1.743016533975248,1.6259905800576184,1.7376217999662829,1.6211155510993032,1.681542486760875,1.6764207552077899,0.3338149002458556,1.6473534644760148,0
2011-05-26,1.7401230174170115,1.6190589099519552,1.7362633472919236,1.6155710635450555,1.676527717322204,1.672863367192742,0.4962638282991177,1.6417558581255303,0
2011-05-27,1.7362640664328997,1.6179804358017202,1.7324722368003727,1.6145538944314044,1.6741293582704126,1.6705294155409725,0.2818350214892453,1.6448984674646285,0
2011-05-31,1.736340688751141,1.6180432670138727,1.733178502450335,1.6151857118939357,1.6741987360836663,1.6711965733585612,0.7845048899428886,1.6589414641597162,0
2011-06-01,1.7309703808729942,1.6154628478103539,1.7279978436944152,1.6127766718466903,1.6702939642030097,1.6674718533380541,0.44151514531228153,1.6356673464159406,0
2011-06-02,1.7260739683305486,1.6116806642980877,1.7235403532967424,1.6093911266418282,1.665982859156174,1.6635774586229035,0.33140723009666606,1.6310518642609066,0
2011-06-03,1.7202571483209166,1.6064850853443189,1.7181765855043103,1.6046049548385897,1.6604923787380699,1.658517103551512,0.44976138269057137,1.6208386190167678,0
2011-06-06,1.716113399401922,1.6000228754418557,1.7147499026785367,1.5987907320219898,1.6551307360511445,1.6538362395701158,0.31125154209513833,1.6178925599076561,0
2011-06-07,1.7059987074865823,1.6005411685593578,1.7033599970150366,1.598156659899613,1.6506015796692193,1.6480964020906559,0.3600326755234533,1.6074830779107716,0
2011-06-08,1.7012190920143746,1.5979740700764373,1.6986777022997113,1.595677506718029,1.6469842053008763,1.6445714235272715,0.33112345253059794,1.6138662582267207,0
2011-06-09,1.699165430272982,1.5943397459533692,1.6975729398735573,1.5929006691054408,1.644100217374324,1.642588315524638,0.36973216313724483,1.6187764089881138,0
2011-06-10,1.6923506601658156,1.5929514440853534,1.690074052015371,1.5908941543947568,1.640135985575742,1.6379745860000137,0.40270864535918044,1.6024748087730056,0
2011-06-13,1.6881456285346812,1.5885821847349055,1.6863939851598106,1.586999287012248,1.6358446846835333,1.634181683851997,0.43847111301392244,1.6023765336580125,0
2011-06-14,1.6956031773490035,1.572768272821905,1.697407014196316,1.574398335926427,1.6310776728118916,1.6327902258464149,0.6062169482780859,1.6117057730830733,0
2011-06-15,1.691834371327245,1.5681934949187877,1.693457337695212,1.5696601118139049,1.626885487600907,1.62842632317178,0.4493400732971476,1.5941275368047754,0
2011-06-16,1.6911621383367526,1.5623486178751154,1.6932397281323583,1.5642260617676682,1.6234960508269516,1.6254685034433063,0.41799736724787634,1.5974663828966194,0
2011-06-17,1.6919325614867102,1.5605015861841116,1.6954573134960575,1.5636867790199203,1.6228915179343546,1.6262378985998471,0.6147899573322508,1.6148483824221715,0
2011-06-20,1.6914762393145621,1.5614233562195456,1.696483011901961,1.5659477982607486,1.6231591112920412,1.6279125143509108,0.3401780284972852,1.620544107149029,0
2011-06-21,1.6886007438001451,1.568795073118876,1.6946872256275851,1.5742952099400283,1.6256665039203844,1.6314449771446573,0.4632443519673751,1.6323285003240966,0
2011-06-22,1.6878555349920477,1.5719965909207507,1.6945625309808727,1.5780574642862384,1.6269945211774588,1.633362107220681,0.340556343780902,1.627025405841351,0
2011-06-23,1.6866246551476725,1.5755238006103078,1.6944827636577444,1.582624893357517,1.6282630785166083,1.6357235246176989,0.45328689969474184,1.6313463761286457,0
2011-06-24,1.6893746609932005,1.5766044534384525,1.695302005125178,1.581960783192852,1.6301361687483544,1.6357635574975113,0.37857176855489727,1.621035012508134,1
2011-06-27,1.6895515205859317,1.5848402118281348,1.6957079216758162,1.590403532196167,1.634546389476414,1.6403912436736945,0.3823637997158443,1.646076828412825,1
2011-06-28,1.6833540137927456,1.6015530401985396,1.6918861895694637,1.609263263523696,1.640383743142772,1.6484841450939092,0.4170428651274775,1.669547339647967,0
2011-06-29,1.6880195853709448,1.6128262793012682,1.6959617780609142,1.6200033559266918,1.6485203401796973,1.6560606153505026,0.32822566597095126,1.674752002277099,0
2011-06-30,1.6947398779346308,1.6235068199262543,1.7018586743584851,1.6299398226761528,1.6573209616631746,1.6640795088322202,0.4389870423316059,1.6846705789148784,0
2011-07-01,1.6918548247379135,1.6451690549426978,1.7010159430240421,1.653447631210075,1.667330664749861,1.676028181348388,0.44556514113207024,1.714033208368244,0
2011-07-05,1.693093991129104,1.663689248721116,1.7033747353304485,1.672979591045927,1.6776476011395172,1.6874080845809103,0.3943849692592115,1.7227732673192064,0
2011-07-06,1.6919527058988564,1.686398143383867,1.7043737090309101,1.6976225614662896,1.68903487932389,1.7008273131226077,0.5061180289428455,1.7451635359825246,0
2011-07-07,1.7026181701088878,1.6971359491079032,1.7129952820739398,1.706513375548065,1.6997383447250984,1.7095903192048376,0.5078120626346083,1.733084630939718,0
2011-07-08,1.717237943035164,1.703489104238747,1.7243608124674261,1.7099257876212586,1.7100156411694716,1.7167780552308687,0.378339534596571,1.733182749316091,0
2011-07-11,1.7448816873231348,1.6972239772500437,1.744996570588786,1.6973277931649604,1.7198469645023815,1.7199560340590323,0.4098628487897158,1.7184522970319116,0
2011-07-12,1.7658259384311412,1.6904285515945245,1.7601833075188582,1.6853295070350056,1.7262194890660978,1.7208624055216954,0.43310548099269863,1.709221332721844,0
2011-07-13,1.77904240932701,1.6866167335894167,1.7701941738072973,1.6786208983328663,1.73049095416765,1.72209048679055,0.35038481372411445,1.7118727232245965,1
2011-07-14,1.7929139253991826,1.68104326651417,1.781101276323979,1.6703685963227695,1.7341479684812766,1.7229331027634394,0.3966722887836259,1.7109888741441388,1
2011-07-15,1.806969528564455,1.6758694352411159,1.7942042936265465,1.6643339471376086,1.7381022982025451,1.725983052572384,0.459787641980238,1.7238535098910301,0
2011-07-18,1.8084371953232747,1.6759392787161753,1.7970344351065364,1.6656350104855364,1.7388356846443362,1.7280099652117784,0.7635495772643202,1.7213002377646505,0
2011-07-19,1.7764128412505347,1.7233299426377264,1.7753945429370679,1.7224097427246066,1.748528252350739,1.7475614853898713,1.138965594600729,1.8188156406648008,0
2011-07-20,1.7684743866953703,1.7417103148700905,1.7751439320731226,1.7477373454523786,1.7544151480396941,1.760747178673494,0.5074251156463457,1.8034960079065232,0
2011-07-21,1.7634720540502336,1.762116310854811,1.7750879006056972,1.7726131376194167,1.7627598785163805,1.773787900976811,0.42636395525094134,1.8157714631793163,0
2011-07-22,1.762761199234493,1.7791536591347485,1.7770754970939688,1.7920889802213733,1.771372202350753,1.7849621200158883,0.3883314314810764,1.818521128797062,0
2011-07-25,1.7712124518587826,1.7879492678600752,1.7832553436516763,1.7988320001939868,1.780004346157768,1.7914378030777114,0.4288232512145836,1.8039870700042486,0
2011-07-26,1.7864799882349633,1.7909059687127113,1.7933724345542401,1.79713442693591,1.7888049676412452,1.79534861923421,0.3745818658407852,1.7964255287401032,0
2011-07-27,1.8037701292348802,1.7885446097007116,1.803695539356898,1.788477205484942,1.7957721230202448,1.79570130778988,0.49931641009541156,1.780909345751839,0
2011-07-28,1.826281569891578,1.7824837640627615,1.8194627985138758,1.7763218832598917,1.803274465114618,1.7968007601162963,0.38512405444813524,1.785328591154127,0
2011-07-29,1.847850346589128,1.7748975633105084,1.8354870309522249,1.7637252753625696,1.8095280540244685,1.79779038842445,0.5731631095411821,1.7858194965132321,-1
2011-08-01,1.8789873659936407,1.7570801079290623,1.8596790785379733,1.7396318963350463,1.814949156629319,1.7966179720086515,0.5024033542968667,1.7750172275336153,0
2011-08-02,1.8619841485288986,1.7589369205632928,1.8440151614291276,1.7426989869937406,1.8078531635191402,1.7907935034778966,0.4961863895774386,1.7485023820743686,-1
2011-08-03,1.8525325445961656,1.7583843574357483,1.8360560266536528,1.743495115080431,1.8030762495701849,1.7874335317474144,0.5780128122447225,1.7561621984535074,-1
2011-08-04,1.8092053264119308,1.7722188087689161,1.7898920610463038,1.7547660988149878,1.7897762095727525,1.7714402989510503,0.9477879694917742,1.683983123325787,0
2011-08-05,1.7903987713913039,1.7661965259421888,1.7728850383995376,1.7503699892934534,1.7776852669965442,1.761057822765341,1.0208349620537933,1.6987135756099663,0
2011-08-08,1.7440927218014244,1.7750630825148466,1.7230482722413016,1.7560459630707896,1.7603615352826043,1.7403820476655552,1.3590351792932476,1.6323285003240966,0
2011-08-09,1.7300772757442036,1.7644848316141113,1.7124073769466195,1.7485171734894338,1.74815165705253,1.7313759498423107,1.0763661707218004,1.6754394578661904,0
2011-08-10,1.6870582341372524,1.7678717872437777,1.6659457867334142,1.7487932205705032,1.729509810158829,1.7094657657534151,1.2032847828719357,1.5961897468334294,0
2011-08-11,1.6738260350557128,1.7513974735852438,1.6575154460271602,1.7366581752789256,1.7145745196013518,1.6990893338001392,0.7889935407721035,1.6373367694618626,0
2011-08-12,1.6723689660041416,1.72696144592291,1.6641551120491058,1.71953887868908,1.7010465420095313,1.6932483530897386,0.4460208951373662,1.6517725531396825,0
2011-08-15,1.6814265191862185,1.7041360909314551,1.685370831306733,1.707700425294593,1.693355918084069,1.6971006268703195,0.6574143013535253,1.6988118507249594,0
2011-08-16,1.6870906527816074,1.686169556092119,1.6981422170148224,1.696156461022385,1.6866067982221438,1.6970990940703066,0.4802785689488647,1.6816262446907733,0
2011-08-17,1.7012073438092028,1.6595459604154776,1.7203856667692337,1.6768767277242462,1.6793225074628602,1.6975303044879622,0.44109375371214676,1.683983123325787,0
2011-08-18,1.6865964101013389,1.6583165071559274,1.6996125708292313,1.6700787479576267,1.6717409012959352,1.68409837452618,1.296925954031487,1.6088579890889547,0
2011-08-19,1.6494406778870487,1.662763007499859,1.6550606326949058,1.6678415604715526,1.6564389333355776,1.6617744883079786,1.2097338993429794,1.5470883959581188,1
2011-08-22,1.6289331018621165,1.6676356317204901,1.625605301714906,1.6646284172668808,1.6492636445168165,1.6461042488936022,0.6233372356859003,1.5612295110295793,1
2011-08-23,1.6258828879896163,1.6585249974725809,1.6257518235346133,1.658406559193236,1.6430298755796076,1.642905443688515,0.5953222572943453,1.6136698647353545,0
2011-08-24,1.6326795494276702,1.6603447600592385,1.6300176412166199,1.6579392884286293,1.647212158713279,1.644684957325167,0.5526462874586182,1.6376314380682218,0
2011-08-25,1.631481772965517,1.659257504362353,1.6293142840095882,1.6572988218009104,1.6460724391053092,1.6440146367079906,0.5805580964279786,1.6260434383845204,0
2011-08-26,1.6314545984376492,1.661055518531825,1.6344849694414842,1.6637939568632765,1.647004041091533,1.6498810590802058,0.5536093390769518,1.6610036741883705,0
2011-08-29,1.6321094825427733,1.6597656622709667,1.6471867033159637,1.673390409618671,1.6466373478706373,1.6609515804608916,0.45517000882160213,1.695178336026756,0
2011-08-30,1.6304156180634133,1.6636924044513437,1.653498814035803,1.6845518664060686,1.6478960031324732,1.6698110656659306,0.38502943452387556,1.6940980934549323,0
2011-08-31,1.629908271121233,1.6649621283611993,1.6590388373175031,1.6912863833741323,1.6483221562712942,1.6759785596822379,0.5223096271374875,1.6882058184980884,-1
2011-09-01,1.635537460439564,1.6721384204674532,1.6601990774028268,1.6944242452467646,1.6547640428302492,1.678177649792324,0.4698310002657743,1.6726897922484447,0
2011-09-02,1.6675131428043581,1.6610530511880455,1.6778574134778843,1.6704008001228938,1.6641196393657116,1.673940434499301,0.42814397716231806,1.6397917664732489,0
2011-09-06,1.6961495998884588,1.6467404642447974,1.692894042406285,1.6437985329142288,1.670194848521786,1.6671040396975467,0.4953953143983328,1.6214279562294867,0
2011-09-07,1.7054880839070996,1.6439426762719018,1.6973952786218611,1.6366294964090982,1.6731581163389053,1.665474850377414,0.5844275663106048,1.64303249418872,0
2011-09-08,1.700818713796484,1.6453133655028493,1.6889883344931804,1.6346226731358828,1.671661605587353,1.6604299068859891,0.5182681808156336,1.6228027106690492,0
2011-09-09,1.6827199184340418,1.653725819094891,1.6635724638047649,1.6364229463970648,1.66748924034901,1.649310749551676,0.5798959213715827,1.5847000222647212,1
2011-09-12,1.6676469598626553,1.6546684584193068,1.6479248923529402,1.636846328529689,1.6608293182729803,1.6421052930868034,0.4511973695167816,1.5950113858852328,1
2011-09-13,1.6626100388601353,1.6418818457828799,1.6481886288580327,1.6288497312684007,1.651721463486533,1.6380298541272944,0.4061911682535439,1.604929805784392,0
2011-09-14,1.6682662091378961,1.6268279421283802,1.6630652014951515,1.6221279767864998,1.646498576426115,1.6415607676467732,0.6002579482174996,1.6423451953382489,0
2011-09-15,1.6726200219070313,1.619459863422575,1.677771015186143,1.6241146325655995,1.6446948481896078,1.6495851736001865,0.46987399437558125,1.6703329136134313,0
2011-09-16,1.665413138237707,1.6309909653088275,1.6802069111799867,1.6443595709484207,1.64733107854913,1.661376207287959,0.9500064819991554,1.6988118507249594,0
2011-09-19,1.6593795154001543,1.6480462251852748,1.6781805096691647,1.6650360139967773,1.653426107677846,1.6712756708661225,0.4089256100786085,1.700186605164522,0
2011-09-20,1.657081041125609,1.6682539454461276,1.6773993653997883,1.6866148913345549,1.6629501977077863,1.6822403058702917,0.5339524813972378,1.715800906529159,0
2011-09-21,1.65770294908434,1.6784647063239049,1.6782833550020537,1.6970624860579955,1.6686091558023532,1.688148082872509,0.6056236624454343,1.6991063625926983,0
2011-09-22,1.6636023754754037,1.6794916133932352,1.6774050717775522,1.69196461837624,1.6719490347356964,1.6850532406244183,0.7047250855504689,1.6558971299356113,0
2011-09-23,1.6863424837074956,1.673978770643186,1.6905248313618502,1.6777582092392016,1.67984779210092,1.6838184905471607,0.4803818205777701,1.6629677658406519,0
2011-09-26,1.7101155756634028,1.6753054377306869,1.710425773630724,1.6755857525842068,1.6918297169185912,1.692124217206148,0.58005071660823,1.7137386965005048,0
2011-09-27,1.732831524212427,1.6817191616744984,1.731466342600737,1.6804854956810893,1.7059820631936655,1.7046859670887113,0.6568468284281,1.7451635359825246,0
2011-09-28,1.7454259002238444,1.6897893740107968,1.7438202025912102,1.688338362256671,1.716199883902098,1.7146754431759916,0.6648780952573551,1.7435922313129755,0
2011-09-29,1.748795595289482,1.703875066114591,1.7493950011374995,1.7044167278280347,1.7251987209300084,1.7257677936293838,0.5971280099062375,1.7595012012839717,0
2011-09-30,1.751046391790699,1.7053879864130146,1.7510813062485031,1.7054195373648455,1.7270619090844408,1.7270950566835435,0.6713443929309791,1.717273936083715,1
2011-10-03,1.7513223134259666,1.7054405205793017,1.7493352294682192,1.7036448635885173,1.7272204846835901,1.7253339578245994,0.7775571075634531,1.7017579098340712,1
2011-10-04,1.7513374312087444,1.7054645897534273,1.7505638277676527,1.7047655118802074,1.7272403046562321,1.726505849695667,0.7910916204479986,1.715997300020525,1
2011-10-05,1.7542113186824504,1.7100934320401373,1.7544542853976557,1.7103129924059615,1.7310360745963662,1.7312667458935143,0.5031772482733919,1.7367181456379213,0
2011-10-06,1.7692164288574246,1.7211923306076122,1.769104902693993,1.7210915483863876,1.743989241345545,1.7438833590037475,0.6174727733428628,1.7842483485823033,0
2011-10-07,1.7895499835736182,1.7274383429593765,1.7880172159777006,1.726053235481594,1.756922572304067,1.7554673709639246,0.5883830244128447,1.7911224342573573,0
2011-10-10,1.7822466429205535,1.7568853756870668,1.786083880282151,1.7603529504046769,1.7689243012763654,1.7725673538604059,0.4974246692639055,1.8326622438685225,0
2011-10-11,1.780568163276079,1.7721558110700344,1.7884574039959547,1.7792850368862843,1.7761491321177232,1.783639134971937,0.4583602046519627,1.8167534306361466,0
2011-10-12,1.7808665809633746,1.7880547322847595,1.7914770329380902,1.79764301977986,1.7846425361162452,1.794716042350489,0.45902229750164764,1.82775224984575,0
2011-10-13,1.7806351504416547,1.8026967013993718,1.7941344396209287,1.8148955281730865,1.7922241422831704,1.805040295075655,0.37827935928418344,1.834626335520804,0
2011-10-14,1.7903203513827253,1.823489408087666,1.8034112388845152,1.835319176813097,1.8077441457606027,1.8201725641894604,0.461601944090065,1.87105960087921,0
2011-10-17,1.8214599679348975,1.8204420446477017,1.8262300352104215,1.824752584530233,1.8209252501041697,1.8254539264086531,0.7558622633135207,1.8323677320007836,0
2011-10-18,1.8402670316299121,1.8112952126968351,1.8306505286106067,1.8026051214673262,1.8250480575019008,1.8159182010784949,1.3525430687123972,1.7568496540425989,0
2011-10-19,1.8428807664863296,1.8099520593848277,1.821616812136129,1.790736581280948,1.825583228399259,1.8053953441110249,0.576834790077354,1.7420210833820466,0
2011-10-20,1.8279874736364177,1.815033867748089,1.8020241304714661,1.7915717193690441,1.821182909748513,1.796533450907627,0.6460983009763609,1.7406461722038635,0
2011-10-21,1.8265676587498416,1.8148830516647,1.8020736815630078,1.7927487169798586,1.82042970333408,1.7971752526772211,0.692566301973035,1.7836590113695847,0
2011-10-24,1.8240586216982348,1.8089057513860505,1.805856282694827,1.7924569460133999,1.8160987783146028,1.79881757522678,0.5065222393403996,1.7897476798177947,0
2011-10-25,1.8184533639390146,1.8052169875274306,1.8029228216325326,1.7911825896578373,1.8115002599374386,1.7967556463132175,0.4620233356901997,1.771187319344046,0
2011-10-26,1.8171365193385602,1.7985773817327395,1.807216902727673,1.789613377547714,1.8073873546170207,1.7979697237744137,0.4632787143725363,1.786998014200049,0
2011-10-27,1.8180826880523837,1.7959489353650628,1.8176116895822558,1.7955233108250244,1.8064557684488116,1.8060086050257587,0.6068876728324166,1.8253953712107363,0
2011-10-28,1.8265684355929142,1.782469797546417,1.8392202633696344,1.7939028036380302,1.803403302845797,1.815414880324973,0.430783799063123,1.8408131223453867,0
2011-10-31,1.8290429091179332,1.7765358666280835,1.8464947331002393,1.7923064583102277,1.801460818982782,1.8180294871322271,0.40500451438152973,1.8131199159379434,0
2011-11-01,1.8344178811232688,1.776300977503521,1.8453400679396628,1.7861709686707528,1.8038889159025433,1.814258381524621,0.5057139007520023,1.780909345751839,0
2011-11-02,1.8490149173357122,1.7754299567348146,1.85474842291718,1.7806111214958331,1.8103605403294685,1.8158038997977193,0.3556989021375964,1.806147555147896,0
2011-11-03,1.8667489071817998,1.7783651856398297,1.8697384166685298,1.7810666988737998,1.8203207013935576,1.823158925676903,0.4259426458575175,1.839340092790831,0
2011-11-04,1.8713262384806915,1.7831904133607266,1.8739496618198594,1.7855611075834836,1.8250282533472737,1.8275189174042945,0.2783954927046888,1.8303055219721294,0
2011-11-07,1.8749868161864318,1.789447767862703,1.8778592271076895,1.7920434632942186,1.8300529248632587,1.8327799763961767,0.3036072222541458,1.839536486282197,0
2011-11-08,1.8895146171636117,1.7893184929884827,1.889595735288853,1.789391796548758,1.8368813246157512,1.8369583377290732,0.37238061674269557,1.8388490306931056,0
2011-11-09,1.890650142345679,1.7888017371608471,1.8845414470152,1.7832815267882651,1.837148902155423,1.8313493395504261,0.47248808557587074,1.7896494047028015,0
2011-11-10,1.8864705935267085,1.7878054125181706,1.8802759035477021,1.7822074918449258,1.8346415095270798,1.8287603040636904,0.3337719061360487,1.8005499487974115,0
2011-11-11,1.8865504293486548,1.7876011956579185,1.8858464371902224,1.7869650230212173,1.834572131713826,1.8339037653319104,0.3151726377922171,1.8401256667562953,0
2011-11-14,1.8875080780281293,1.7918674922167501,1.8883403870686288,1.7926196202490052,1.8372678219912735,1.8380580117332628,0.5192484958432587,1.8398311548885564,0
2011-11-15,1.900259107398678,1.7943060275193676,1.8996039065106105,1.7937139458157032,1.844601670591169,1.8439796263798234,0.394281799837017,1.853579482977285,0
2011-11-16,1.9058989414138254,1.7943034392861692,1.903485768795044,1.7921227411500937,1.8472775250779598,1.8449864719279594,0.39699042875485524,1.8326622438685225,0
2011-11-17,1.9046041678896681,1.7925114340605581,1.9030083969387335,1.791069392695087,1.8457215544084824,1.8442065380207764,0.5022141966550583,1.82392218491756,0
2011-11-18,1.9029513840448267,1.7918542025594697,1.9009435157157413,1.790039763472666,1.8445917368778255,1.8426854774480879,0.3818650516007414,1.8191103092711602,0
2011-11-21,1.8885937312706458,1.7938106811915213,1.8842349262527196,1.789871784361626,1.8388039410520798,1.834665714930651,0.4424180216182276,1.7821859818150287,0
2011-11-22,1.8774784880675974,1.792648456912312,1.872086339068586,1.7877757639354113,1.8329170453631247,1.827797768004634,0.35931040736138076,1.7805165587691067,0
2011-11-23,1.858630819749779,1.8015867180149086,1.8454209957029257,1.7896494705703374,1.8286654002342142,1.816124064086957,0.41282081066175,1.747520414617538,1
2011-11-25,1.8374218683744625,1.8088854880166927,1.8190285729033986,1.7922641220862732,1.8224316312970055,1.8049691351622903,0.1919945131952869,1.7387803556665755,1
2011-11-28,1.835289725614232,1.8010582884192152,1.8224546580234666,1.789459695034827,1.8173078599178114,1.8051223155413212,0.38902788673592253,1.7893548928350627,0
2011-11-29,1.8325789084520465,1.7914145398861683,1.8241567264017549,1.7838037139735015,1.8109551553267371,1.8029591808299181,0.31485449782098784,1.7768830440709036,1
2011-11-30,1.8343189259461266,1.788427176180685,1.8382151988553528,1.7919480992197843,1.8102118668076328,1.8139109674241698,0.6738724959116548,1.8462143352045053,0
2011-12-01,1.8288357102097845,1.798721385705948,1.8419680112139605,1.810588578338297,1.8130165748436176,1.8254843110296701,0.41779957790142214,1.8604537253909592,0
2011-12-02,1.823787888715179,1.8106974470880282,1.8431901062898561,1.8282305399847123,1.8169114446469607,1.8353318060191637,0.42669072692681637,1.8625159354196135,0
2011-12-05,1.8183255029323566,1.8261988342680728,1.8426080802046882,1.848142134380446,1.8224613849829903,1.8455151336940954,0.49008122598485077,1.8741039351033153,0
2011-12-06,1.8175419708815563,1.8485278593182957,1.842623268122217,1.8711929342148785,1.833818941117408,1.8576309902854162,0.3564125385950232,1.8947265056057176,0
2011-12-07,1.8214532641183288,1.8690292454096193,1.8457835616930371,1.8910156686594077,1.8464450545909747,1.8695441087013818,0.43696631917067896,1.905627049700328,0
2011-12-08,1.846910619543871,1.871739338613045,1.8625913857515426,1.8859094884710241,1.8599532122101534,1.8748404476009848,0.3756825314931854,1.8813709644997219,0
2011-12-09,1.8856664892663815,1.869733371330002,1.8932995552865524,1.8766311011953165,1.87729677971475,1.8845435716821248,0.41686225698360396,1.910635475576714,0
2011-12-12,1.9100627615165278,1.866497180527504,1.9111331671392024,1.8674644679598429,1.8871776450702573,1.888193882431199,0.3264199133590591,1.887263082717945,0
2011-12-13,1.9573190973853616,1.8430559916654576,1.948922323372428,1.8354681260910928,1.8972963817334956,1.8893245294911607,0.430663366231637,1.8771482693274202,0
2011-12-14,1.9605234875105222,1.8415186895221909,1.947737414481009,1.829964370777573,1.898009948202645,1.8858709190000031,0.43490260189994506,1.8532849711095458,0
2011-12-15,1.9523924281591079,1.8451497506532035,1.9363330159924168,1.8306374319297896,1.8960575622623168,1.8808108424274823,0.38475428866245326,1.8411077909517461,0
2011-12-16,1.9249254184179934,1.858481040953443,1.9034414397049337,1.8390667346703256,1.8900220088695405,1.8696252346305082,1.018908776610415,1.802710433941059,0
2011-12-19,1.9004779901228057,1.8655744586040492,1.8763626035851417,1.8437822428031014,1.8821430714769587,1.8592480527532282,0.4333719951494752,1.7960325850187504,0
2011-12-20,1.8959430871870204,1.8589186122464632,1.8770910758828716,1.8418827211575817,1.87649403127772,1.8585960327897275,0.40759279267459286,1.8387509123167327,0
2011-12-21,1.876567319619028,1.8526937954683789,1.859334174981209,1.83712081652028,1.8640264934033026,1.8476654382514226,0.7981856485661465,1.7820878634386559,0
2011-12-22,1.862871675757102,1.847071462113453,1.8472591483889933,1.832962977264054,1.8545717811866163,1.8397493313843154,0.43441248548948797,1.7876854697891407,0
2011-12-23,1.8682106453678382,1.823738818651328,1.8611601142805159,1.8173675048543771,1.8448494756122433,1.8381557391878085,0.26246185916888853,1.8142984336247603,0
2011-12-27,1.873423951437036,1.8053872782699723,1.8729269499764314,1.8049381557536912,1.837684104688811,1.837212254165972,0.23863449063118888,1.8162623685384212,0
2011-12-28,1.8801129594961081,1.7858342706380703,1.8844550642178524,1.7897580760051863,1.8305881115786318,1.8347104825283767,0.24695816673115784,1.8068350107369877,0
2011-12-29,1.8845972035982228,1.776989934713341,1.8935913373955997,1.7851176130463804,1.8280708168729753,1.8366097992928951,0.25294297969897056,1.8283414303198482,0
2011-12-30,1.8866342351060983,1.768357216665881,1.8966578333559105,1.7774151853540772,1.824503000345244,1.834019350798519,0.30361577175208065,1.805754768165164,0
2012-01-03,1.8871794193806313,1.7730150928469417,1.8967138665727863,1.7816310331483618,1.827208592700005,1.8362605457609222,0.4854894879401522,1.8295197912680448,0
2012-01-04,1.8908407077050917,1.7747061344930433,1.8980978366866665,1.7812641434478156,1.829834905164199,1.8367247845221015,0.373764977754453,1.822056368380272,0
2012-01-05,1.8929058740050435,1.7679723718564393,1.9015861016813933,1.7758163844095427,1.8272779705132587,1.8355189321443688,0.383774055841539,1.8134145845443026,0
2012-01-06,1.8978072945165894,1.7655618239373945,1.900307648981912,1.7678213052026883,1.8283383944126468,1.830712217540471,0.4210929431539772,1.7925954638119133,0
2012-01-09,1.8955410289862862,1.766760754132089,1.8925656803931534,1.7640720375932384,1.8278924054831693,1.825067625476305,0.44724191141454156,1.7832662243868524,0
2012-01-10,1.8862692009918633,1.768649294191756,1.8814889306797158,1.76432953418847,1.8244831487365725,1.8199447857238054,0.44378520142740446,1.7805165587691067,0
2012-01-11,1.8824805067467663,1.7671111454259163,1.8779477895515464,1.7630150903563189,1.821876672063035,1.8175733346526288,0.35348038963021533,1.7904351354068864,0
2012-01-12,1.8735718936218817,1.7686714611460428,1.8672270207543555,1.7629378255461008,1.8184674153164382,1.8124436270236475,0.5916849391633346,1.7730531358813342,0
2012-01-13,1.8629632383702586,1.7650138497200838,1.8568875241649658,1.7595234432155131,1.811510162014752,1.8057419115132325,0.4539489925444268,1.7594029261689785,1
2012-01-17,1.8565347797767584,1.7635028353534246,1.8503281720635394,1.7578941450482928,1.8076648500520207,1.8017723299556472,0.5162216447474803,1.767652079760836,1
2012-01-18,1.8592113068754663,1.751216990253918,1.8570740829032344,1.7492856570801747,1.8024816029368866,1.8004525339528739,0.39559743603845204,1.7781596801340933,0
2012-01-19,1.862781793506595,1.7385195219840173,1.8637036123046495,1.7393525367957516,1.7975064892615134,1.7983816590875654,0.7366782586349724,1.772758624013595,0
2012-01-20,1.8461287923104956,1.760850698802947,1.856420342714148,1.7701508063078566,1.8013319812516029,1.8111027240435473,1.1049228091315544,1.8513208794572646,0
2012-01-23,1.8322991011398388,1.787384775691972,1.8485580995641688,1.8020774534069608,1.8087054856147966,1.8241416915728788,0.4945784263120006,1.8656585447587117,0
2012-01-24,1.8227728060559103,1.8155012915698239,1.8431759484478678,1.8339388845699849,1.8189530600092145,1.8383236940381251,0.459667209148752,1.884808085706559,0
2012-01-25,1.822327273841697,1.8355627678114215,1.8436954631591216,1.8548724393422324,1.8292799142941993,1.849566758701631,0.37488282460943384,1.8828439940542772,0
2012-01-26,1.8256036184961413,1.8489404150380486,1.8461974738136697,1.867550348515671,1.8378625002606017,1.8574141961188546,0.34435700664649477,1.875478846281498,0
2012-01-27,1.8376647052793498,1.8567379303353713,1.8536895519471415,1.871219013448686,1.8476839215161984,1.8628978250516441,0.2889547803079085,1.870372302028739,0
2012-01-30,1.8586353242265168,1.8629554190656417,1.8693323332332064,1.8726219250672935,1.8609046816230637,1.8710603646395303,0.3748226492970463,1.8904056920570433,0
2012-01-31,1.883869478650426,1.8639239508992904,1.8886377257296538,1.868232845935266,1.8733920394701231,1.8779189876899989,0.41504795487377694,1.891387659513874,0
2012-02-01,1.913138132264281,1.8592656888996666,1.9117981534450397,1.8580547977720454,1.8848387933904363,1.8835666246815492,0.4375768684126221,1.89158405300524,0
2012-02-02,1.970569780453022,1.828138716009334,1.9605349117733213,1.819070562635111,1.895750360595376,1.8862233100563728,0.33598178693878405,1.8808799024019964,0
2012-02-03,1.980184451568471,1.8291099098833357,1.9710991331091574,1.820899831219389,1.9008245899519731,1.8921990373027477,0.38881291618688774,1.9016007480193926,0
2012-02-06,1.9864331055093711,1.8288212969135567,1.9779766573797553,1.821179505965595,1.9036392000652713,1.8956106935364034,0.3129799381920623,1.893548144657521,0
2012-02-07,1.9863626307768618,1.831564003869643,1.9803699246065605,1.8261486087694685,1.9050464972129133,1.8993570540949032,0.295197557934563,1.8987528072866533,0
2012-02-08,1.987489491202057,1.8328474159348176,1.9826926540478456,1.8285126850664848,1.9062555946341373,1.9017015031503106,0.32708200620874406,1.894824780720711,0
2012-02-09,1.9916524723409406,1.8331417409209334,1.9869733383177626,1.828913374179418,1.9083863603282416,1.903944015566146,0.3333247016286876,1.8965923221430057,0
2012-02-10,2.0006430007973117,1.828715127830832,1.9945028871730435,1.8231665258653023,1.9103288283732416,1.904499437408519,0.29159468441542435,1.8896199613529587,0
2012-02-13,2.0008604033459374,1.828745052347196,1.9954532916647465,1.8238588381273946,1.9104477482090922,1.9053142653603383,0.2114278508280312,1.89158405300524,0
2012-02-14,1.9999821558337025,1.8288217521732795,1.9949147392800972,1.8242425083400118,1.9100711370928687,1.9052601589775258,0.2921966019527218,1.8876558697006773,0
2012-02-15,1.9992269428049856,1.8288061504632644,1.994556087593912,1.8245852649893484,1.9097044438719728,1.9052699589697157,0.34574999936289796,1.8879505383070367,0
2012-02-16,2.0037474473144563,1.8275322551974242,1.9989910914537792,1.8232341058320762,1.9111811346508834,1.906665475890164,0.3031514682488499,1.8955122363098027,0
2012-02-17,2.004268442764541,1.8266463837203177,2.0017035645447714,1.8243285946365273,1.9109630991338087,1.9085280174993504,0.3221548647835247,1.899440262875745,0
2012-02-21,2.0041483464330185,1.8278303071911337,2.0025366533122866,1.8263738775279792,1.911528007899137,1.9099978750887658,0.2832108330030679,1.8991457510080054,0
2012-02-22,2.0030991252239385,1.8297595062216057,2.003122326654034,1.8297804725275255,1.9120433588238535,1.9120653861372294,0.28168022625259803,1.9038593515394127,0
2012-02-23,1.9875458805899229,1.8526061855828075,1.9915847816420387,1.8562559965940852,1.9166616971736592,1.9204962081845884,0.6907175552513359,1.9405872855041781,0
2012-02-24,1.9822773734125583,1.8661023332488496,1.989033390863675,1.8722075055636191,1.92125031347351,1.9276644402302836,0.2883356815680305,1.9420603150587337,0
2012-02-27,1.9832087946460908,1.8749014205036105,1.990371553238236,1.8813741502990187,1.9263146407527931,1.9331149253687832,0.32317809171424583,1.9398017115387136,0
2012-02-28,1.9855373208394995,1.88290964102734,1.9926561179415554,1.889342644390105,1.9316267255991064,1.938385273412033,0.2723590539224233,1.9442208002023809,0
2012-02-29,1.9929467475337255,1.8847228079982878,1.9975270928095965,1.8888619028678117,1.9360964220631063,1.9404449773180028,0.44001035146903805,1.9319455016682086,0
2012-03-01,2.0022373192613463,1.8862887536638253,2.0045993522104406,1.888423238702048,1.9413292270188525,1.9435717284405534,0.3061438747327563,1.9398017115387136,0
2012-03-02,2.0098425238019897,1.8903398804758804,2.011284476585902,1.8916429218429645,1.9470674650039865,1.948436447248366,0.32051245690621455,1.9523716786792449,0
2012-03-05,2.0157778676959057,1.8986356633551995,2.017365713862734,1.900070543375563,1.9542427538227476,1.9557502464628993,0.5965862676813276,1.970539252170262,0
2012-03-06,2.0289233978418886,1.8940578190843431,2.0263212556072174,1.8917063558376666,1.9580781478901506,1.9556076879996749,0.44840275237932936,1.9371501642973405,0
2012-03-07,2.045041510066389,1.886850399307503,2.0392133241380126,1.8815836752895876,1.9619432956435383,1.9564100471614059,0.2877939393431207,1.9421585901737268,0
2012-03-08,2.0446649368606473,1.8913413294596553,2.041103532659789,1.8881230153439645,1.9641236349962696,1.9607424569366076,0.2705017577027894,1.9621919802020316,0
2012-03-09,2.043544993829822,1.897749185672663,2.0422690580128045,1.8965961679248786,1.9669580650822098,1.9657466984563725,0.2732877431355958,1.9701463084489095,0
2012-03-12,2.0440163196157095,1.9038699267843138,2.0441519655120217,1.9039925051489746,1.9703970438787621,1.9705258253656779,0.2682574322881819,1.973878098262106,0
2012-03-13,2.038086239185431,1.9201712888288434,2.041562332479507,1.923312510516931,1.9761451997592248,1.9794453841012425,0.41841867664130017,2.0011785176868173,0
2012-03-14,2.0395239191296417,1.9339463921733975,2.044130261375559,1.9381089795787154,1.984063761279075,1.9884369979179932,0.3957435995704535,2.0104094819968847,0
2012-03-15,2.0405625701657533,1.948987677774676,2.0465055223706985,1.954358111988642,1.9924580337783584,1.9981002407483337,0.31137197492662433,2.022979449137417,0
2012-03-16,2.042872296066058,1.9604843112228252,2.049645976649502,1.9666054450811012,1.999593666833821,2.0060245628737547,0.8286684724192785,2.0230777242524103,0
2012-03-19,2.0441883742763785,1.9688414260614457,2.0519587036002602,1.975863195884874,2.0046084204544776,2.0119855294666835,0.32359085160973483,2.020229783519671,0
2012-03-20,2.060533746195112,1.9672583600627094,2.0633544075924126,1.9698072912927926,2.0115359358881935,2.014213856700437,0.3177351031780539,2.005793999841851,0
2012-03-21,2.079799031865052,1.962904599945342,2.078151473000965,1.96141575968749,2.0183940735086563,2.0168298899537795,0.2863321396096842,2.010114970129146,0
2012-03-22,2.0932835202882116,1.961435294114873,2.0894795446290964,1.9579977768129826,2.024023293735253,2.0204118196332708,0.28443184928024323,2.01797117999965,0
2012-03-23,2.1071512801263914,1.958072595610187,2.1013419037488195,1.9528228691133191,2.028839847629492,2.0233244568340765,0.26107741595042017,2.017872904884658,0
2012-03-26,2.1217794607083746,1.9576262278072527,2.115759442784718,1.9521861520484418,2.0355493275461334,2.029833954795875,0.2939249158429349,2.040361448662969,0
2012-03-27,2.125874352604163,1.9603404092284904,2.120795153910811,1.955750518295225,2.038918928529432,2.034096764513764,0.2325551399458274,2.034567448821118,0
2012-03-28,2.127819421615616,1.9634314148307355,2.1239398662425426,1.959925598833563,2.0414659611030586,2.037782732025742,0.2808117123518132,2.035647691392942,0
2012-03-29,2.126022908322914,1.9693375663316357,2.1248102827476294,1.9682417597941342,2.0437156782690438,2.042564418047373,0.2926780866585331,2.045271599424362,0
2012-03-30,2.1248244490156116,1.9754013084596496,2.1256980082938823,1.9761907128624054,2.046332072837909,2.0471614253345427,0.2764693072613106,2.0490032324989382,0
2012-04-02,2.124124605426841,1.9831086819041537,2.12660160923308,1.9853470620106068,2.050048562887476,2.052400217024723,0.2913194563472911,2.0570559925994294,0
2012-04-03,2.1312118283162396,1.986609104509435,2.132780102653905,1.9880262981649506,2.055251629975252,2.056740541225698,0.3518208005503246,2.0573505044671685,0
2012-04-04,2.136522275615005,1.9843760721717136,2.133863313858323,1.9819732631469618,2.0565994672049683,2.054075063164841,0.3786921191796724,2.0234705112351423,0
2012-04-05,2.1364417597691805,1.9844111008976224,2.130405765742724,1.9789565881037956,2.056579647232327,2.0508491068557,0.3275291285093942,2.0177747865082845,0
2012-04-09,2.1341292892575408,1.9854820123525774,2.1248709449144174,1.9771155763607795,2.0560444763349683,2.047254653839049,0.2860741749508424,2.0125699671405326,0
2012-04-10,2.1151679800652263,1.9923533230456694,2.1035370043042874,1.9818428245569923,2.050653111598088,2.0396107255510696,0.3553806799596562,1.9869391275003634,0
2012-04-11,2.1029071046861887,1.9947544649024351,2.0899650024910863,1.9830591481587827,2.0460942331662078,2.03380707071005,0.2894535284230114,1.98939412451175,0
2012-04-12,2.1007660853564722,1.9929725402367948,2.090079349205874,1.983315317449264,2.044141847225879,2.0339959172039244,0.2519111210636036,2.016301756953729,0
2012-04-13,2.093046748341378,1.9896282702031738,2.0834499174608134,1.9809559559847045,2.038720744621029,2.0296095648207033,0.32391762328560986,1.991554609655397,0
2012-04-16,2.0881587022043027,1.9828576300982135,2.0808201511573454,1.976226042923287,2.032843766827402,2.025876585797037,0.32904255405728344,1.9907690356899328,0
2012-04-17,2.092111769075512,1.975474355314101,2.092642241295321,1.9759537241632144,2.0308418230464618,2.0313454505286908,0.5215615460681886,2.037218996062491,0
2012-04-18,2.085642128244699,1.9636428653684461,2.0867736522079894,1.9646653832681056,2.021555588506238,2.0226298512921748,0.8730813878498646,1.9653344328025097,0
2012-04-19,2.0734520274138917,1.9623199741382489,2.0727227850512273,1.9616609837914198,2.015074062002,2.014381723211524,0.49554147793033426,1.9592459210929198,0
2012-04-20,2.0647985238062243,1.959065205435809,2.063259517336103,1.957674460109643,2.0092565283082835,2.007795403814411,0.40914913012557813,1.9601296134347568,0
2012-04-23,2.0548779739020047,1.956106468324051,2.0524002835426867,1.9538674678040364,2.0029930373211196,2.0006407313740597,0.3111741855801702,1.9505058621419569,0
2012-04-24,2.0509405472209346,1.9552686824012853,2.0473484663665915,1.9520226468865718,2.000683860237209,1.9972735579271508,0.4837955364551003,1.9640577967393198,0
2012-04-25,2.0510987742683335,1.9569934671550537,2.050347204698459,1.9563143005063857,2.0016650042460298,2.0009514681247,0.34424520551965454,1.9991161509195423,0
2012-04-26,2.050688457905394,1.9578547830354254,2.056650026926491,1.9632420406029993,2.0019226797083878,2.0075825613838343,0.2839932764775279,2.018855029080109,0
2012-04-27,2.047483146093243,1.9683167563530766,2.057307864130495,1.9771950040774857,2.0058968294022983,2.0152243640477394,0.3006921722852076,2.030933934122915,0
2012-04-30,2.0457006600156706,1.9781533029835459,2.0580721529460644,1.989332980460329,2.0102178523444625,2.021963281423092,0.23846251419196104,2.033585481364288,0
2012-05-01,2.04466631660341,1.9801256382867658,2.064017355378213,1.9976124827250412,2.0107629253191344,2.0291346978130473,0.23353537276674166,2.0426200521829894,0
2012-05-02,2.0492249135148586,1.9909673185225314,2.0665921015939355,2.0066614277537393,2.018622042739074,2.03511035801563,0.20295801119606077,2.0432093893957077,0
2012-05-03,2.060395777101798,1.99545636291542,2.0732871515853244,2.0071058388330907,2.0262829287965665,2.038521930635247,0.24305433444337055,2.0351566292952166,0
2012-05-04,2.074202753538065,1.993148527748021,2.0801372046099886,1.998511279790894,2.03162475151085,2.0372588875506996,0.3459822333212243,2.0130610292382576,0
2012-05-07,2.0952746954131087,1.9837850443873815,2.0924120401714545,1.9811981648160173,2.03670888294476,2.033991093401769,0.2900726271628894,2.000883849080458,0
2012-05-08,2.1035156818645593,1.9791302017736487,2.091983514092464,1.9687089925448547,2.038175655828342,2.027227077556335,0.3337632744314029,1.978591855532133,0
2012-05-09,2.094221064428836,1.9831146680757434,2.0788278966782845,1.9692044106989313,2.0358565766671184,2.0212423857099893,0.321810911905069,1.9761367017821263,0
2012-05-10,2.080697786649559,1.9859396568469179,2.0641498911921277,1.9709859131739045,2.030921087119014,2.0152106038661537,0.32937787523109335,1.9699499149575432,0
2012-05-11,2.072130662013585,1.9830407773359326,2.0573539929991997,1.9696876279067195,2.0253315068377007,2.0113026164763403,0.20564082720667268,1.975547521308028,0
2012-05-14,2.060363278053385,1.979260559691241,2.046910538747911,1.9671037983803281,2.017759802748089,2.004987844156289,0.26047549841312273,1.9585584655038284,0
2012-05-15,2.0532868436925553,1.9687509294185743,2.042986097827287,1.9594425123025536,2.0088799013740446,1.9991004284601284,0.256881174391919,1.9546302821992656,0
2012-05-16,2.0547509481248483,1.951712076770234,2.04938165706415,1.9468600396979656,2.000624352865239,1.9955267767108675,0.4300270862891784,1.961406249497947,0
2012-05-17,2.054987637167211,1.9338580459799872,2.052806667754219,1.931887181609683,1.9913579382976572,1.9892873376266558,0.4837955364551003,1.9433369511219236,0
2012-05-18,2.0450920048109924,1.92561303013779,2.04322881496425,1.9239293318418937,1.9823293792197916,1.9805604767657337,0.493323047629664,1.9235982296999785,0
2012-05-21,2.045673250321523,1.9137867641523618,2.0461103783586907,1.9141817811886315,1.9763929256902246,1.976807932705766,0.32948104465328787,1.9420603150587337,0
2012-05-22,2.0405897508796196,1.90958874519981,2.0408733801071834,1.9098450508296152,1.971774571522404,1.97204384759084,0.30672861106747307,1.9328291940100457,0
2012-05-23,2.0350993187469837,1.9049095038104302,2.0352829844163263,1.9050754759334683,1.9667102600611355,1.9668846312631867,0.35255170041704287,1.9259551083349917,0
2012-05-24,2.0310747825423348,1.9000375619892806,2.031463246923991,1.9003886034135105,1.9622405794151505,1.9626093854169795,0.3069177687092815,1.9256604397286328,0
2012-05-25,2.0246180813233026,1.8929110020882698,2.025096302190744,1.8933431532514917,1.9554319996353,1.9558860199636512,0.24952918161492946,1.9080822034503346,0
2012-05-29,2.0245773851426883,1.8873255606198986,2.0264718583174854,1.889037528545016,1.952478633895494,1.954277236573533,0.3111483726729438,1.9292939544268357,0
2012-05-30,2.019878678787929,1.883062842348818,2.021431548323437,1.8844661152333582,1.948008953249509,1.949483239263355,0.3097725611591212,1.910340806970355,0
2012-05-31,2.0136798524350885,1.8757787112688022,2.0151373263155605,1.8770957784979707,1.9412400134149421,1.942623731305204,0.798615589664216,1.8943337186229856,0
2012-06-01,1.9859149851490396,1.8842474752643181,1.9834073551434692,1.881981419352464,1.9325087697447185,1.930128039257979,0.44768903371519175,1.856820210692756,0
2012-06-04,1.9645545182812065,1.8897021736793322,1.9579154162975632,1.8837026537078776,1.9252343810627486,1.9189312532241434,0.3976525216045402,1.85151727294863,0
2012-06-05,1.9535769917314572,1.8834724931997753,1.9474769155092577,1.8779600716083245,1.9167509107775695,1.910959531107776,0.3058171030568812,1.8579987283795731,0
2012-06-06,1.9548010217666374,1.8770271881885738,1.9538764575530134,1.8761916924425837,1.9139462185595995,1.9130684422507207,0.3131089205214832,1.9050378692262293,0
2012-06-07,1.9557943989455275,1.8729599294551256,1.9592950981643773,1.876123386640945,1.9122812301315848,1.9156047752066987,0.3182510324957374,1.909456957889897,0
2012-06-08,1.9567559830043555,1.870298672445226,1.9647627565767813,1.8775341085136925,1.9113397260680474,1.9189413139825122,0.21318197762547067,1.9163312003035717,0
2012-06-11,1.9557739139514514,1.8678090208805544,1.9635329762994362,1.8748206091392048,1.9095657198814953,1.916932132087174,0.28146525570356323,1.8905038104334158,0
2012-06-12,1.958343808749242,1.8618832026528895,1.970237067623832,1.8726307170485976,1.9076727938590923,1.9189641900884098,0.26000256320524623,1.910537200461721,0
2012-06-13,1.9585894368997518,1.8589633354480368,1.9709746060884006,1.8701553716722439,1.9062555788161222,1.918013992061036,0.27926392439876274,1.896297810275267,0
2012-06-14,1.9579657961514059,1.8636775317376582,1.9710314909507092,1.8754845347152405,1.9084359181688535,1.920840418781,0.30826776731587774,1.9159384133208395,0
2012-06-15,1.9604642401591932,1.8803239697920646,1.9730978722030952,1.8917405330480794,1.9183663413649727,1.9303606439129377,0.5493787351132895,1.9552194626733639,0
2012-06-18,1.975343700335693,1.88527274672754,1.984466555069126,1.8935167455853303,1.9280291870214201,1.9366903764081052,0.2905455623707659,1.9472651344264862,0
2012-06-19,1.993437368278833,1.8872791979093553,1.9990728236530928,1.892371758190762,1.9376721968872108,1.9430224680142736,0.2835547858815235,1.953550039627442,0
2012-06-20,1.9957436386082663,1.89423213357062,2.001551139832711,1.8994801655584013,1.942419372968196,1.9479329835032826,0.29048538705837834,1.9520770100728864,0
2012-06-21,1.9928332473534078,1.8948811898486748,1.993738595605301,1.89569932081454,1.9413787690414495,1.942238301819256,0.37117678166810075,1.8991457510080054,0
2012-06-22,1.989671088718574,1.8950219378290605,1.9877603532077222,1.8932952742101303,1.939951636103151,1.9381375940504257,0.7586740616535534,1.9021899284934907,0
2012-06-25,1.9909182333535058,1.8945552678937014,1.9835138821958853,1.8878642195026318,1.940298509351405,1.9332688580486554,0.27615979899472703,1.8939409316402536,0
2012-06-26,1.9832825354482655,1.8965501001093545,1.9726692873113785,1.8869592858221016,1.937721754727823,1.9276455938322006,0.295446890888759,1.8850044791979248,0
2012-06-27,1.9829922864933105,1.8966237047592518,1.9696302028251924,1.8845488657185767,1.9376226390465991,1.9249367484310032,0.23755963788601497,1.8953156860798162,0
2012-06-28,1.9736139417021215,1.8981179726548811,1.9587430297157218,1.8846796592088833,1.933955706837644,1.919837342703782,0.34114108011561883,1.8796032663388063,0
2012-06-29,1.975974068715147,1.8893442371242262,1.9683165514588314,1.8824244115477842,1.9304671860184945,1.923197180178579,0.45226367276402063,1.9206521705908666,0
2012-07-02,1.9780702275165543,1.882808851123511,1.9763506425113426,1.8812549234075644,1.9280291712034052,1.9263966064161946,0.24308869684853174,1.9231071676022529,0
2012-07-03,1.9831050894283122,1.8725991081395772,1.9874642122187534,1.876538292129175,1.9250560013089724,1.9291945291219235,0.1247172808453349,1.9240892917977037,-1
2012-07-05,1.9911161482277355,1.8587754076529235,2.000314944360269,1.8670880320479757,1.9215972025397785,1.9303304902837342,0.23132549196400629,1.9178042298581275,0
2012-07-06,1.985576542671381,1.8600457839553521,1.9904570611160763,1.8644561346250872,1.9196348987041219,1.9242684367566136,0.4258910200430648,1.8797015414537996,0
2012-07-09,1.9734906500168095,1.863364196851035,1.9740513073987058,1.8638708429559023,1.9156409290375698,1.9161732141508963,0.3429296515249304,1.862614210534607,0
2012-07-10,1.948280193197604,1.87369411569009,1.9422819958882986,1.8682737584431974,1.909099926797391,1.9034052704214424,0.4033105628964778,1.8291270042853125,0
2012-07-11,1.9259200674150516,1.881259639023281,1.913995639236623,1.8704839580379744,1.902459824694003,1.8911388364946844,0.4691603579181545,1.8192085843861534,0
2012-07-12,1.8984871568755572,1.8873531234076373,1.8822368684674626,1.8726683166240612,1.8926384192564212,1.8772104825410685,0.42403372382343085,1.7979966766710318,0
2012-07-13,1.8880468768954277,1.886618625024765,1.8709618754150206,1.8711795177710184,1.8872966123601527,1.8710762035278927,0.33819166774151943,1.8266720072739262,0
2012-07-16,1.8781707489715043,1.875186404559938,1.864747273325557,1.8630560877757398,1.8766030648542724,1.8638588890239782,0.27038132487130334,1.8146912206074925,0
2012-07-17,1.8709816775597383,1.8587035461976746,1.8618892074139493,1.8504870048094102,1.8645319422507056,1.8558995998286725,0.44357886258301543,1.8034960079065232,0
2012-07-18,1.8801903175680492,1.8358925516146651,1.880986342287193,1.8366118907981934,1.8569205823977954,1.8576763239995684,0.6895825271937744,1.8486693322158918,0
2012-07-19,1.880014116638429,1.8361461196141928,1.8957457834064078,1.8503622664953951,1.8569701402384073,1.8719057003483743,0.8938819052917857,1.9182952919558527,0
2012-07-20,1.8784558963990603,1.8395163381353938,1.8998795450223598,1.8588761262654103,1.8580008420878402,1.8783403392630151,0.4118577590434164,1.889914629959318,0
2012-07-23,1.8779382432109761,1.842172646846005,1.9006215925183465,1.8626707816124726,1.8591504795911384,1.8806859298439491,0.3357410034825229,1.874005816726942,0
2012-07-24,1.881088897226564,1.8470230323224985,1.9006045758896373,1.864658655963174,1.8631940070983026,1.8817220878196932,0.30930825765589043,1.8691937843419217,0
2012-07-25,1.8875705309554698,1.8521649512062772,1.9032978140792456,1.866377136744363,1.8689718850287202,1.8839032833303766,0.3296616527971614,1.8764608137383285,0
2012-07-26,1.9025285695058338,1.8591369021322957,1.9142461722866568,1.8697256823731045,1.8797348103478544,1.8908594396232419,0.2822906932878303,1.9046450822434973,0
2012-07-27,1.9076588135832087,1.8740842566896552,1.9191666945321586,1.8844835187814928,1.8900220088695405,1.9009475293618276,0.35919860623454053,1.9286064988377443,0
2012-07-30,1.9236818273793743,1.882037057473607,1.9320221657171763,1.8895739241386482,1.901805718142779,1.9097239906576315,0.23964916806397524,1.9314544395704831,0
2012-07-31,1.9575673852136055,1.8746782463857088,1.9592714984799857,1.8762181928423918,1.9140254984501668,1.9156433744514574,0.3015606861859925,1.9245801971568088,0
2012-08-01,1.9747392162376767,1.8722351470050074,1.9727920953279463,1.8704756031971936,1.9208935539659575,1.9190449678105577,0.22006966689922944,1.9167239872863038,0
2012-08-02,1.9747115785751836,1.8705810061553774,1.9752394754592422,1.871058047765309,1.9200115098203459,1.9205126922926168,0.24185049936877576,1.9095552330048908,0
2012-08-03,1.973587816285046,1.8830484475332172,1.9767689488379954,1.8859231237063327,1.92602724324048,1.929047393435821,0.28187801559905223,1.9495237379465065,0
2012-08-06,1.9815000563054568,1.8908595298391981,1.9842138386571055,1.8933118782828595,1.933886344842405,1.9364627952615634,0.20102327625474775,1.95188061658152,0
2012-08-07,1.9952343886378812,1.8965412432973296,1.9965484692534439,1.897728731140805,1.9433906148997033,1.9446381959928287,0.27597055914620766,1.9633703411502281,0
2012-08-08,2.014249609956762,1.8943567175908023,2.0126021259664637,1.8928679449937253,1.9512695522922852,1.9497054398221814,0.1778494510687982,1.9545321638228925,0
2012-08-09,2.023575491938013,1.894362560920821,2.020470981178669,1.8915571251332448,1.9556995929929863,1.9527521871178122,0.18574318607069762,1.9485417704896764,0
2012-08-10,2.025368972823081,1.8982131509839986,2.023514087516603,1.8965369572053234,1.9585736788422252,1.9568126606741831,0.22361236510598048,1.9570854359492722,0
2012-08-13,2.0275200335671846,1.9006652121719365,2.0262007436570535,1.89947301687452,1.9608828559261353,1.9596303291566681,0.20794532793366774,1.9543357703315267,0
2012-08-14,2.032226930262435,1.9007699248762338,2.029557953388283,1.8983580655465722,1.963172213037404,1.9606383006984303,0.2203276315580712,1.9472651344264862,0
2012-08-15,2.0419025246337967,1.8981014490770503,2.036949668071784,1.8936257290274485,1.9663634342669265,1.961661218793576,0.18158993862200343,1.9483453769983101,0
2012-08-16,2.0619463794030732,1.8920441882558472,2.0558356832750113,1.8865221698337598,1.972696303067344,1.966894840915846,0.23470484543617526,1.972306793592557,0
2012-08-17,2.0603110948124232,1.898615895672215,2.0566134433193914,1.8952744597318454,1.97537217337215,1.9718616428635645,0.2194247552521251,1.976038583405753,0
2012-08-20,2.061309242102557,1.9009966764107487,2.058709032155824,1.898646959303852,1.97709662171809,1.9746279963314266,0.2008684810181005,1.9689679475007125,0
2012-08-21,2.0596098751433893,1.9001174263793599,2.0572186011916767,1.897956517288663,1.975828064378941,1.9735578017060817,0.2675351641261094,1.9508003740096962,0
2012-08-22,2.0539879313618226,1.9018395446742555,2.0498753381643664,1.8981231406962187,1.9740639760877172,1.9701595021489815,0.2834258035521027,1.9370520459209675,0
2012-08-23,2.043098757493349,1.9065480136582937,2.0359550350075915,1.9000924861141435,1.9713682858102695,1.9645860739716527,0.23710388388071904,1.9218305315390627,0
2012-08-24,2.0409037165421537,1.905663889533985,2.0344723829291733,1.8998521224381908,1.9698618729814037,1.9637559993202967,0.2269659056709231,1.9421585901737268,0
2012-08-27,2.0324850368456895,1.9070078834344077,2.0248562690237004,1.9001140376976842,1.9665715518886726,1.9593288406076137,0.21486737961258773,1.9217324131626905,0
2012-08-28,2.022937674451002,1.9091831446927072,2.0135073503231045,1.9006612966954937,1.9631821151147175,1.9542290159329216,0.21834127080230545,1.913679653062199,0
2012-08-29,2.015807687046801,1.909362593273064,2.005846668648275,1.900361175767321,1.9598917940219864,1.9504348565441032,0.1841351405985487,1.915742019829473,0
2012-08-30,2.006176704865343,1.9039725103929441,1.9974981812232666,1.8961300377149146,1.9524885676088373,1.9442492237787334,0.23568507825708948,1.898949200778019,0
2012-08-31,2.007573198881151,1.890692592206521,2.0030225183991903,1.8865803043545655,1.9461755029630463,1.9418551113044893,0.27458619813445023,1.9134832595708327,0
2012-09-04,2.0114135662594412,1.8759777848022008,2.010432864978774,1.8750915599883797,1.9402687873014495,1.939337714762007,0.388185185742364,1.9104390820853479,0
2012-09-05,2.0144487073352444,1.866424230347771,2.016015927485727,1.8678404713718813,1.93669105287839,1.938178963289176,0.28483597747108647,1.9153490761081209,0
2012-09-06,2.009006161624543,1.8748327390389328,2.0153493853629145,1.8805648843796017,1.9385245031648528,1.9445467257832636,0.33807986661467915,1.9552194626733639,0
2012-09-07,2.0048542167113723,1.8857539648668284,2.013477566257722,1.8935465786799044,1.9422905352370168,1.9504774970763636,0.29353796885467226,1.9591476459779262,0
2012-09-10,1.9984360881785614,1.8975533219183243,2.0116030432274994,1.909451830176514,1.9454421007032403,1.9579427372536489,0.36183842813534545,1.9733870361643802,0
2012-09-11,1.9905511819704527,1.918979392314814,2.006642281060593,1.9335203453822303,1.952954329056912,1.9682311322870316,0.3362655645048521,1.9961700918104308,0
2012-09-12,1.9899693106761738,1.9362963688840928,2.006585272289029,1.9513116215171813,1.9617747705130313,1.977549875409026,0.28238531321208993,2.001080242571824,0
2012-09-13,1.9886464762572242,1.958773136978548,2.0064339952084613,1.9748470842463393,1.9729539310756576,1.9898413062293276,0.33359992969682084,2.0265148454592476,0
2012-09-14,2.000458008951359,1.9734560185798282,2.0156624350062153,1.9871957168094003,1.986273791045732,2.0007087916485977,0.3488628386782904,2.030933934122915,0
2012-09-17,2.0134968570523695,1.9848790255781337,2.0258723042503464,1.9960622763856772,1.9984638334851494,2.010213016724228,0.2816200509402105,2.0342727802147587,0
2012-09-18,2.0358220575493213,1.988344203384065,2.043156459712649,1.9949720413606429,2.0108818135189552,2.0178450556214402,0.21291546346869408,2.0334872062492946,0
2012-09-19,2.0663402407747493,1.9822549413766086,2.0671473064854657,1.9829842579109302,2.0221700076581337,2.022936231518128,0.2240509379086958,2.027202301048339,0
2012-09-20,2.0829060297211845,1.9806424950091022,2.0802354028139907,1.9782291446033562,2.0291867208777457,2.0266512420062455,0.32151858484106605,2.024747147298332,0
2012-09-21,2.103541259763085,1.9742206320670805,2.0969282212482137,1.9682446647239498,2.0356087874640587,2.029330404143009,1.0981985467990885,2.0227830556460504,0
2012-09-24,2.1221395312787497,1.9656020834667136,2.1119953100407614,1.9564351120808088,2.039909990433581,2.030279121161854,0.3019132707690939,2.0160070883473695,0
2012-09-25,2.1295624875420747,1.962120382274053,2.117862439669405,1.9515474657784198,2.041604700911551,2.0304967381718724,0.2876477758111192,2.012962754123264,0
2012-09-26,2.130851691348464,1.9613893215081646,2.1172390891852952,1.9490880978272205,2.041832654323954,2.028908922791901,0.2943634886456502,2.0033390028304647,0
2012-09-27,2.1305135393578407,1.9608459142904913,2.119627448388856,1.9510085416547944,2.0413866812124914,2.0310514847944754,0.2383507130651208,2.0220957567955797,0
2012-09-28,2.129656325732949,1.9628280164742882,2.1228714664980046,1.956696780866846,2.0420209677910734,2.035579458799322,0.42227951481928044,2.037218996062491,0
2012-10-01,2.1196568952294164,1.9781278126908977,2.1190403715021344,1.977570682159718,2.0453112888838048,2.044725964561605,0.4692290827284769,2.0668761373835953,0
2012-10-02,2.1163462990035904,1.9863455116275572,2.119524898417411,1.9892178986930746,2.048056537001864,2.0510742822484933,0.2855668773378047,2.060689507297633,0
2012-10-03,2.1141047724750193,1.996068618587178,2.119766890244776,2.001185272725656,2.0521000645090286,2.0574756487714696,0.2745002099148363,2.067269081104948,0
2012-10-04,2.114724432410638,2.0034514370568317,2.1212806671081643,2.0093760728136347,2.0562724297473713,2.0624968838286946,0.2543101595081474,2.0660905634181312,0
2012-10-05,2.1173352328316786,2.0097896045387573,2.1237860095927807,2.015618941714926,2.0608412260745803,2.066965558956302,0.24578869406172424,2.0680546550704126,0
2012-10-08,2.1243888368225003,2.011962016275747,2.1285004276128947,2.015677514414229,2.0653307266932073,2.069234248952051,0.17048027708922806,2.0604929570676465,0
2012-10-09,2.1331393894199886,2.0097332816735696,2.1325907344320747,2.009237481704607,2.068313830300983,2.067792940196172,0.30787218862296933,2.0425219338066163,0
2012-10-10,2.1424104510246713,2.0047890467388156,2.1346012058867068,1.9977321100804195,2.0701175585374902,2.0627035030599776,0.34605958983619245,2.0212119077151223,0
2012-10-11,2.141735638457007,2.005115856443311,2.12958306127024,1.9941340053260548,2.0699689008336697,2.0584313091886814,0.2502257190764865,2.0206227272410238,-1
2012-10-12,2.1426012580408433,2.0049939571063393,2.130273442346252,1.993853749191726,2.0703157740819234,2.0586118119368613,0.23320005159293178,2.0406561172693283,-1
2012-10-15,2.1425746646458452,2.002112553591759,2.134154675166466,1.9945037090273243,2.068789541280416,2.0607956483986687,0.2632013085335416,2.0517528981166837,-1
2012-10-16,2.1416096943411267,2.0051730567346184,2.1377896429331154,2.001721012351084,2.0699391629656994,2.0663124266338793,0.4842942845702032,2.072080956751348,-1
2012-10-17,2.107478038528149,2.0173765394146783,2.0990439074577893,2.009754915598212,2.060147479578073,2.052140160745646,1.0898060636820863,1.9702445835639026,0
2012-10-18,2.0545640064823414,2.0360821042224972,2.0392619553678992,2.0222541857040754,2.0448554136950285,2.0303277283838495,0.7993378578262885,1.9145635021426564,0
2012-10-19,2.0129614096885833,2.041169965299781,1.9938109704128228,2.0238643954832436,2.0277794395481186,2.0095981151434104,0.5692678267513297,1.898851082401647,0
2012-10-22,1.9877627146904622,2.034849047608477,1.9688182579332296,2.017729616856639,2.0124972915604027,1.9945115258547472,0.3785631368502515,1.909064170907165,0
2012-10-23,1.9565837066904312,2.031441927069201,1.9361337738725182,2.0129620512278237,1.9959069304702388,1.9764918738617163,0.38070421063595355,1.8781302367842498,0
2012-10-24,1.930499330312358,2.0265250874189213,1.9092769637240605,2.0073471906940776,1.9809419178628065,1.9607935167728185,0.3214239649168064,1.8729255741551183,0
2012-10-25,1.9137798044683922,2.0149189933303333,1.8954803532493882,1.998382431107678,1.966908491423583,1.9495350905187814,0.2794273513400557,1.8815673579910877,0
2012-10-26,1.9102527369268671,1.9906932837791596,1.9005881555517317,1.9819597458520846,1.9525083717634641,1.9433328700067267,0.344511801883142,1.897967233321189,0
2012-10-31,1.9207784451971543,1.954013875211883,1.9231922484539365,1.9561951432330558,1.9382371056525391,1.9405287575268775,0.5204265180106272,1.910340806970355,0
2012-11-01,1.968072676300011,1.8851456982966335,1.9875004412188801,1.9027018774182434,1.9245109125162858,1.9429555284001345,0.32321253632611796,1.9360699217255166,0
2012-11-02,1.9811977779895897,1.8597011609588319,2.0031724456756863,1.879558885388072,1.9173752794608234,1.9382379111808323,0.3663184472599147,1.8995385379907381,0
2012-11-05,1.9814032443828469,1.8579684443491968,2.0015158399826216,1.876143480562817,1.9165626131284654,1.9356574035901684,0.23528095006624627,1.9065108987807855,0
2012-11-06,1.9817297777916207,1.8608995277088232,1.9995985797948292,1.8770469275753008,1.9182573236064353,1.9352218684539806,0.2821273485532482,1.91564374471448,0
2012-11-07,1.9761723441493297,1.8598088377740583,1.9896269113370124,1.8719672508770124,1.915046282404271,1.927819976377643,0.4081172714902112,1.8772463877037928,0
2012-11-08,1.9720188399473744,1.8613925679497825,1.9782831268270327,1.8670533808630383,1.9139065627963012,1.9198538431841399,0.3045874550750601,1.8668369057069083,0
2012-11-09,1.967901960882704,1.86307524325316,1.9675554241894475,1.862762090387433,1.91283620518357,1.912507205104381,0.3157143800171269,1.8623195419282474,0
2012-11-12,1.960339481091642,1.8654755581221227,1.9553745910596676,1.8609889638543602,1.9105072081270176,1.9057935681417832,0.26376023196103204,1.8584896337386783,0
2012-11-13,1.948425852651443,1.8669025750427846,1.9410773244809811,1.8602619718967417,1.9056014564468835,1.898624803188939,0.2929360513173749,1.8493567878049832,0
2012-11-14,1.927951327486652,1.8683871304491106,1.9185073630775875,1.8598529562156862,1.8966620951549136,1.8876960459632874,0.3787264815848336,1.821761856512533,0
2012-11-15,1.921191364679671,1.853176767714847,1.9147702909135598,1.8473742720772026,1.8854631146196452,1.879366981602164,0.2933659924154444,1.825100702604377,0
2012-11-16,1.9155733351810036,1.8460092411089473,1.9108179586069758,1.8417119766900614,1.8790311301380038,1.8745164011067807,0.4007739104178674,1.8358048532076208,0
2012-11-19,1.9194673014956816,1.8353400216951161,1.9209601560959324,1.8366890612204538,1.875275015961168,1.8766923241171525,0.3086030884896876,1.8692920594569151,0
2012-11-20,1.930798516691126,1.8140258045972977,1.9381115021599344,1.8206342890699214,1.8694574980854666,1.8764004072929654,0.2725998373786845,1.8579987283795731,0
2012-11-21,1.932067231571543,1.8112379267078698,1.9421055988709752,1.8203092416601199,1.8685952739124967,1.8781256460223208,0.4462444973910467,1.8687027222441963,0
2012-11-23,1.9246641329503413,1.8243235823580288,1.9387240567199662,1.8370290346407034,1.8719549728184814,1.8853033890861217,0.333427953257593,1.9001277184648364,0
2012-11-26,1.9218161027027567,1.8330099905994093,1.9375217890755396,1.8472026599229192,1.8751660140206456,1.8900769084826647,0.44802443709571255,1.8941373251316196,0
2012-11-27,1.9223931406715586,1.8362241098544472,1.9370140517048033,1.849436506344352,1.8771283178563023,1.8910093324252093,0.2829785990447416,1.8779338432928843,0
2012-11-28,1.9246039936629689,1.8411313878335391,1.9376313234266827,1.8529037216950586,1.8807556101199738,1.8931236871729629,0.30986718108338085,1.8852991478042842,0
2012-11-29,1.9386470054443032,1.8397988142421162,1.9463581708681033,1.846767119756515,1.886721785699496,1.8940427248220746,0.35065132788089104,1.8808799024019964,0
2012-11-30,1.9542728674172507,1.83363994280996,1.955599819472764,1.8348390621152255,1.8909040688331675,1.8921638700023928,0.4244722144194352,1.8665423938391694,0
2012-12-03,1.9660679408565047,1.8277732393574186,1.9620044235521723,1.8241011835158674,1.893421363538824,1.88956348198998,0.288026173301447,1.8607483939973188,0
2012-12-04,1.9633373635604892,1.8283729657815566,1.9578385347946012,1.8234038700993649,1.8924402037119883,1.887219645154614,0.3431531715719,1.8595698763105017,0
2012-12-05,1.961205337127777,1.8292619360059243,1.952913194789234,1.821768622348626,1.8918951149193017,1.884022599427822,0.36133113052230775,1.8525975155204544,0
2012-12-06,1.9598865502221647,1.8293405795983897,1.9514479820874786,1.8217149461649438,1.8913104019993463,1.8832988706418305,0.2765897400927966,1.8629088791409663,0
2012-12-07,1.962657699972523,1.8239309552616392,1.959473449304923,1.8210534613593843,1.8897841691978392,1.8867610586811618,0.351803619347744,1.8850044791979248,0
2012-12-10,1.963245732144245,1.8229090439352778,1.9645882219922226,1.8241222041901226,1.889526493735481,1.8908010464015916,0.2956704931424395,1.89158405300524,0
2012-12-11,1.9583685347550217,1.8329197302985853,1.9630911132154536,1.837187356230515,1.8924699415799584,1.8969535322579267,0.35633518208005505,1.9071000792548833,0
2012-12-12,1.9576556997346661,1.8353939322390078,1.9642954250933804,1.8413940155323085,1.8934312656161374,1.8997349852836936,0.3647533958975727,1.894824780720711,0
2012-12-13,1.9577630063345628,1.836164826557399,1.9644975133322133,1.842250560641594,1.8938871566229285,1.9002808614704743,0.311552500863787,1.885397266180657,0
2012-12-14,1.9600605237133717,1.8372770713357278,1.9650647739193023,1.8417992339906477,1.8955620471282568,1.9003130554516803,0.32906828475779887,1.8831386626606368,0
2012-12-17,1.9640038973608345,1.8415242960460634,1.9682444310341347,1.8453563152747585,1.8996650345533463,1.903690974494105,0.32610169118111887,1.9014043545280261,0
2012-12-18,1.9668532551858275,1.850891928013435,1.9713258632592312,1.8549336646107915,1.9059384592538535,1.910184729386184,0.35477876242235884,1.9217324131626905,0
2012-12-19,1.9792670108561696,1.8518052072205249,1.9814659260289973,1.8537922885347473,1.9123109838175698,1.9143986220967721,0.367212691861215,1.915742019829473,0
2012-12-20,1.9913823170370881,1.8504223247649993,1.991331854520675,1.85037672358644,1.9173356553335548,1.9172877464909441,0.3598177049744185,1.9126976856053683,0
2012-12-21,1.9949265417580015,1.8499928980799554,1.9932691233541409,1.8484951481072156,1.9187925103218084,1.917218966172716,0.7072789192316599,1.899440262875745,0
2012-12-24,1.9943004343961397,1.8501436225531052,1.9908774632215005,1.8470504054320915,1.9185744748047338,1.915324724318182,0.14026396739287253,1.8894235678615923,0
2012-12-26,1.9905108042774253,1.8493232305574328,1.9869500473323387,1.8461055013437269,1.9163445934294054,1.9129640298709036,0.23874629175802914,1.8850044791979248,0
2012-12-27,1.9900661543783387,1.8492722478092496,1.9861639634672648,1.8457459768826854,1.9161067379396892,1.9124020188039177,0.34116689302284514,1.8924679020856976,0
2012-12-28,1.9809024345265895,1.8534780319228015,1.9733045315692186,1.8466120776647974,1.9139660543502561,1.9067526460062343,0.3041059703692487,1.8641855152041555,0
2012-12-31,1.9803049541188276,1.8536217374691115,1.9713221843665678,1.8455043284188464,1.9137579209104951,1.9052297274541,0.40284617718653615,1.8810762958933622,0
2013-01-02,1.9777119010604027,1.8611155269409503,1.9736771739363799,1.8574694877598108,1.9164635132652563,1.912632964959287,0.36408275354995295,1.9282137118550122,0
2013-01-03,1.9782363101798335,1.8598492347811444,1.9789702737584234,1.8605124915226314,1.916047262203749,1.9167440832913192,0.31340124758548615,1.9176078363667612,0
2013-01-04,1.9786221612091164,1.8574441030583093,1.9816074900071616,1.860141838352835,1.914967002513704,1.9178012576736196,0.2906573634976062,1.9050378692262293,0
2013-01-07,1.9784538226855855,1.8545209869195893,1.9824384697912556,1.8581217705720416,1.9133515719263012,1.9171345745312687,0.24612409744224506,1.8966905972579993,0
2013-01-08,1.9779522179975189,1.8539366030905031,1.9814239987040128,1.8570739276468116,1.9128064831336147,1.916102573128097,0.2602777090666686,1.8940390500166264,0
2013-01-09,1.977807952624676,1.853916048265423,1.9794300002573453,1.8553818349321778,1.9127272032430473,1.9142671665715532,0.2761941613998882,1.8886379938961275,0
2013-01-10,1.9794774330203457,1.8541619754729142,1.979609788173675,1.8542815801103605,1.913648887333943,1.9137745446071084,0.3102541280716435,1.8941373251316196,0
2013-01-11,1.980460551374659,1.8565563373254044,1.9813318351786489,1.8573436854631076,1.9153733356798832,1.916200527853431,0.3336686545071432,1.9095552330048908,0
2013-01-14,1.9914071092694656,1.8519280544004377,1.9879833453257083,1.8488341208822114,1.9181383879525695,1.9148878848152664,0.3587600334318252,1.89158405300524,1
2013-01-15,1.9947315882070558,1.85071617906633,1.988957149066543,1.845498024106095,1.9190799078341219,1.913597686264312,0.35875148393389034,1.8904056920570433,1
2013-01-16,1.998063852618717,1.840611130461668,1.9952733403336809,1.8380894439103976,1.9153535157072414,1.912704218300587,0.2547744630113781,1.8912893843988803,1
2013-01-17,2.0017837053117176,1.8341932747657104,2.0019261797614143,1.8343220238508249,1.9137480030151668,1.9138832674940656,0.3337719061360487,1.9016990231343855,0
2013-01-18,2.000717980689557,1.8360619261908926,2.002931817984601,1.8380624920954218,1.9142237139945997,1.9163255192566537,0.39207191903428157,1.9097516264962566,0
2013-01-22,1.9952795189631993,1.8465232263351243,1.9995847841194925,1.8504137410992028,1.917137439789122,1.9212248354528825,0.6167333239782097,1.9255623213522597,0
2013-01-23,1.957568200618598,1.9029583678545468,1.9701240903911768,1.9143046781892208,1.9288815091170766,1.9408020035693352,1.0774753858721355,2.0104094819968847,0
2013-01-24,1.950497831720251,1.9321760220743152,1.9667247793370546,1.9468397366162224,1.9408733360120616,1.9562791131052657,0.38240679382565124,2.0074634228877724,0
2013-01-25,1.950081530134581,1.9553617824560006,1.968069847854073,1.9716171844180195,1.9528552608297327,1.9699332732577302,0.2888257979784877,2.0128646357468916,0
2013-01-28,1.9523181479928213,1.9731126869456086,1.9710576799265482,1.9900469344340628,1.963241575032643,1.981032786209231,0.24280491928246364,2.0124718487641595,0
2013-01-29,1.9658033357509381,1.9822079728745652,1.980378381923371,1.9953789229235046,1.9744207355952694,1.988258206311151,0.3110280220481687,2.002356878635014,0
2013-01-30,1.9850092604454848,1.985643105013148,1.9935862777399196,1.9933938500205675,1.9853422206955378,1.993485194943251,0.25782704480767205,1.9986252455604376,0
2013-01-31,2.009850376303041,1.982967129854618,2.01113793164943,1.984130647757197,1.9957285348984481,1.9969509330431918,0.26582394923176594,1.9942060001581496,0
2013-02-01,2.036917716372541,1.9802603558040295,2.0331607534004577,1.9768653221927726,2.0071554530281044,2.0035886125192084,0.289840475411274,2.0149268457755456,0
2013-02-04,2.0707126363767037,1.9673046228174391,2.060308774668928,1.9579030235876298,2.016392129727716,2.00651475918561,0.2741992511461876,2.00127663606319,0
2013-02-05,2.114252014185613,1.9406190140851087,2.097467439274264,1.9254513916203377,2.0230421339084175,2.007106948450576,0.31273052303115545,1.991456334540404,0
2013-02-06,2.1020580983314296,1.9446576433692229,2.0862868366619876,1.9304057159859764,2.019375217517477,2.004402066220284,0.3116384890834009,1.974074491753472,0
2013-02-07,2.087309906908835,1.9491555618303271,2.071663572184336,1.9350165264772081,2.0147370591950295,1.9998825128697741,0.2645599388447836,1.9615045246129401,0
2013-02-08,2.0847028898114703,1.9453043440646967,2.0722780883711316,1.9340764935863761,2.0114764601522532,1.9996804202600083,0.24878973225027637,1.9805557904457942,0
2013-02-11,2.0786487456802085,1.941775959031207,2.068144224675711,1.93228339758053,2.0067491040439105,1.9967761681050162,0.2532094938557471,1.9656291014088692,0
2013-02-12,2.073106957522187,1.9395014227519662,2.063901199946444,1.9311825075486588,2.002923612053821,1.9941837151529944,0.21168581548687296,1.9644505837220523,0
2013-02-13,2.0690291288531304,1.936715210980576,2.0612646540573087,1.9296987316856122,1.9995242732025522,1.9921527224479072,0.18657725535961037,1.9649416458197773,0
2013-02-14,2.0645651386108996,1.9342968400114708,2.0577853367703787,1.9281701745912196,1.9961348522466122,1.989698144718019,0.28326237661080966,1.9606206755324824,0
2013-02-15,2.070676680110821,1.920850154920406,2.068690174266318,1.919055020349967,1.9919724049035974,1.9900864269022218,0.3119480795566954,1.9736817047707398,0
2013-02-19,2.0749995780612047,1.910397044593123,2.0757173002298566,1.9110456245509835,1.988533426107045,1.9892148276870718,0.2578184953097372,1.967200249339798,0
2013-02-20,2.0765317308690565,1.9024469810102742,2.078214088493628,1.9039672676684112,1.9850845452331796,1.986681766544744,0.3194805982708476,1.9572818294406382,0
2013-02-21,2.070167892691314,1.9031226762473494,2.0706153090882102,1.903526990507825,1.982418592823702,1.9828433675528259,0.3373231538407345,1.9476579214092185,0
2013-02-22,2.0705631955589334,1.9053124346180474,2.0715318749146174,1.9061877956464937,1.9837565279761051,1.9846761869644043,0.2672427548553955,1.9747619473425635,0
2013-02-25,2.0630101289802294,1.9042705800211874,2.0631165601208754,1.90436675805181,1.9796238185010604,1.9797248636555334,0.3306075232129145,1.9396053180473474,0
2013-02-26,2.0618511629215814,1.90339351654464,2.0618490466747033,1.903391604167719,1.9786129366242693,1.978610927470826,0.2916376785252313,1.955612406394717,0
2013-02-27,2.058568597438718,1.9106802910511014,2.061270532790987,1.9131219337834249,1.980882473762896,1.9834476767043419,0.35986933078887123,1.9869391275003634,0
2013-02-28,2.05871457460869,1.9119444983277545,2.061965341517324,1.9148821005876597,1.9816158602046872,1.9847021208840843,0.40321594297221813,1.972208675216184,0
2013-03-01,2.056796034972854,1.9198286895885543,2.0616725841483525,1.9242354533711052,1.984846721379493,1.9894764910290839,0.2844748433900502,1.9926348522272208,0
2013-03-04,2.0492160994054744,1.9346211904368313,2.058139791959814,1.942685213527722,1.989019086617836,1.9974911924991714,0.3175888574393415,2.0150251208905385,0
2013-03-05,2.0431347764091856,1.9518327469753385,2.0550262240848016,1.9625786246550503,1.9951735756644777,2.006463252351197,0.3274259590871997,2.0281842685051696,0
2013-03-06,2.039931273766862,1.9718395233601747,2.053597991466282,1.9841896493235816,2.0041624947970593,2.0171376033291772,0.3091104683094362,2.0463518419961857,0
2013-03-07,2.044403938097635,1.9887206501484578,2.0576669252053312,2.000705939157394,2.0151533577105813,2.0277451665828568,0.3340126073855989,2.056564930501704,0
2013-03-08,2.0446371675356114,2.0060368406192324,2.0591660337582045,2.019166059492475,2.024360312360238,2.038153940079259,0.31819940668128466,2.065992445041758,0
2013-03-11,2.0648995521817177,2.0114415727819224,2.0747075649322793,2.020304724533808,2.036817932339327,2.0461296070751223,0.26223825691520797,2.063046229194026,0
2013-03-12,2.084907564081469,2.0148876786828427,2.090570275050295,2.0200048688741887,2.048125930633133,2.053502078075591,0.3088353224480139,2.06766186808768,0
2013-03-13,2.0947809800090313,2.024322478797895,2.0995061585531474,2.0285924543328324,2.057768940498924,2.0622549996824056,0.2885678333196459,2.082490438748232,0
2013-03-14,2.1110075062269846,2.037902242692299,2.1147473500921152,2.0412818063764013,2.072605115375177,2.076155703095688,0.47340814308439744,2.119218372712998,0
2013-03-15,2.1297335724474977,2.0436387747411517,2.131245639708006,2.0450051760631904,2.084507744484266,2.0859432930369217,0.6819123944455556,2.110576432138408,0
2013-03-18,2.1468090702731017,2.0433391500202878,2.1451385168356776,2.0418295303855993,2.0924560438720867,2.0908700293925313,0.25848058815942215,2.093783769825575,0
2013-03-19,2.16252070696033,2.0421778456723607,2.158319268490903,2.0383811553867974,2.099304279415236,2.0953154562514897,0.27504195213974614,2.0960425300842154,0
2013-03-20,2.172188077456154,2.046044582587788,2.16791922685652,2.042186974361441,2.105924561545982,2.1018717376671368,0.25959843501440305,2.111951343316591,0
2013-03-21,2.180266033562075,2.0441028944129735,2.17336837080773,2.0378697222832183,2.1087391716592805,2.1021905676108212,0.5013456827542734,2.084454530400514,0
2013-03-22,2.1851128121538785,2.042930312872102,2.176373673546619,2.035033064609199,2.1104239642419222,2.1021270728887607,0.26067328775957693,2.0826868322395984,0
2013-03-25,2.1878101880791747,2.0417379896731864,2.175784077461042,2.030870421889145,2.111078070793146,2.099660545830576,0.27881680209811255,2.069527684624968,0
2013-03-26,2.1935365089385486,2.0399781303388598,2.1805700475843732,2.0282608010908496,2.1128718811343252,2.1005615922231056,0.19779871801922602,2.0854364978573434,0
2013-03-27,2.1897683873250364,2.0411758734211927,2.1760097707771657,2.0287427017419657,2.111712341553713,2.0986499847474414,0.2771743942208025,2.071000714179524,0
2013-03-28,2.192644745199778,2.0338599881575186,2.1844225632414482,2.0264298952037634,2.1092346867933403,2.101428591311857,0.32244719184752757,2.0946676189060325,0
2013-04-01,2.1938822406146468,2.027949623369159,2.1889599662657013,2.0235015393761384,2.1067173920876834,2.102044211203503,0.1844017369620362,2.0856328913487103,0
2013-04-02,2.1928747751162274,2.0310296776729855,2.191040568074673,2.029372170105743,2.1078571116956537,2.1061157253614975,0.2680080993339859,2.1050771009029168,0
2013-04-03,2.1925651743162926,2.029837870090476,2.1918274617760103,2.029171225545849,2.107084085308579,2.1063837049768717,0.26903995796935287,2.0883827137050766,0
2013-04-04,2.193794753567853,2.021651823509391,2.1946402824415623,2.022415897834015,2.1033676110770267,2.104170351657809,0.3189733006578099,2.075125290975453,0
2013-04-05,2.1845336216529825,2.0246438251728485,2.1828406094053165,2.0231139103113485,2.1005430830684,2.098935746314777,0.35667913495851067,2.056466655386711,0
2013-04-08,2.177224994699738,2.0260412203002773,2.1737311438813145,2.0228839517699764,2.097807752845669,2.0944907096052137,0.2021754855148898,2.055582806306253,0
2013-04-09,2.1724853149690264,2.0274565955985495,2.1665576849192565,2.0221000074704256,2.096301340016803,2.090673679818827,0.22161745485227988,2.054600838849423,0
2013-04-10,2.1724095694461734,2.02684586365082,2.1688446185728387,2.023624344533548,2.095944564691236,2.0925600194397345,0.30303966712200964,2.0819012582741343,0
2013-04-11,2.1737381344896702,2.029475196154445,2.171425868783739,2.027385684001111,2.097956426367505,2.095761173699717,0.3143385685033043,2.0909359858314565,-1
2013-04-12,2.173514555939286,2.0260548900534725,2.173042394978585,2.0256282150121123,2.096053598267788,2.0956053311824165,0.2721870774831955,2.075812746564545,-1
2013-04-15,2.168252424760729,2.02492375936885,2.1668791526680367,2.0236827822959493,2.09296149271949,2.0916577155552356,0.36270694203613035,2.0549936258321555,-1
2013-04-16,2.1723841920003593,2.0167375495245823,2.1752729232888366,2.019347993090607,2.090622593585624,2.0933651395877053,0.24588331398598393,2.0819012582741343,-1
2013-04-17,2.1709188124204912,2.0124206633514796,2.1739779292774775,2.015185078286469,2.08765930995049,2.0905636190980705,0.28116429693491457,2.0590199275130905,-1
2013-04-18,2.159606027930294,2.014795152026156,2.1598104909389324,2.014979917963894,2.083536486734744,2.0837306028192515,0.5590954039296616,2.0342727802147587,-1
2013-04-19,2.0424378247418233,2.084056086211233,2.024465206323906,2.067814871148823,2.064300009025759,2.047236901430531,1.6206199750634163,1.8658549382500778,0
2013-04-22,1.96863148868626,2.110208224867134,1.9375233568189687,2.08209691420008,2.043002127617909,2.0134682339583754,0.8465883845041337,1.8445449121585833,1
2013-04-23,1.9309607946384226,2.1110260544365516,1.896308250957377,2.0797117850687474,2.0255495581727905,1.9926506189348343,0.5413904623938414,1.8816656331060808,0
2013-04-24,1.9032807304908554,2.097759479234602,1.872057958897114,2.069544572730332,2.005440938395507,1.9757982063941348,0.31763185154914847,1.8826476005629114,0
2013-04-25,1.891669801584962,2.0724621674838586,1.869977746274409,2.052859829791474,1.986640515902657,1.966046194857226,0.3999225777196631,1.9046450822434973,0
2013-04-26,1.8862439562454392,2.0451602315297412,1.8746501022943323,2.034683278698295,1.9697231015368817,1.95871595873715,0.30012469935978237,1.9081803218267075,0
2013-04-29,1.8901866854759195,2.0225233320129665,1.8920155842239754,2.0241760426644615,1.959703480554867,1.9614398272236275,0.5101164811548925,1.9557105247710893,0
2013-04-30,1.9059076130582253,1.9904692131939523,1.9263932375907387,2.008981342366441,1.9503280482287477,1.9697769903598092,0.6483425441842575,1.9890013375290174,0
2013-05-01,1.922565600325292,1.9564740599909574,1.955193640206183,1.9859588573893237,1.9403778050599867,1.9713546912411357,0.421264919593205,1.9604242820411164,0
2013-05-02,1.9345619398477538,1.9366529761991451,1.9787569420876638,1.9765904254550923,1.935660366846972,1.9776188650944597,0.3392321580815321,1.987528307974462,0
2013-05-03,1.942568625940578,1.956792853345705,1.9810389578126943,1.9915571219085122,1.9500406507164345,1.986564177600178,0.3863192578180843,2.0083472719682307,0
2013-05-06,1.97192240409065,1.9584722566984136,1.9992121473047668,1.9831330255542505,1.9648570056200458,1.9907657415582893,0.4150221419665506,1.9913582161640304,0
2013-05-07,1.9913594245606674,1.963585205060912,2.011335813062405,1.981637155771863,1.9767695526244635,1.995735028797341,0.2967453458876134,1.9997054881322616,0
2013-05-08,2.0175556994594923,1.96464650785926,2.0303878132386224,1.9762424319892908,1.9897623593189255,2.001945099362481,0.3097037541420879,2.0113916061923356,0
2013-05-09,2.0423756380535765,1.9597445650677616,2.0478630409120546,1.964703335564429,1.998969313968582,2.004179024830703,0.30459608677970584,1.995875579942692,0
2013-05-10,2.0775088292168564,1.9471642887422376,2.0766500208771537,1.9463882142372229,2.0090384927912086,2.0082231447565886,0.281972553316601,2.0079544849854982,0
2013-05-13,2.089732128856736,1.9423821953231521,2.085096853896225,1.9381934624542667,2.01232881388394,2.0079281086808614,0.3137193875567154,1.988313881939926,0
2013-05-14,2.090634186392352,1.942831087633893,2.086449754626719,1.939049765700753,2.0129928225124774,2.0090201454221592,0.31813059966425133,1.9955809113363323,0
2013-05-15,2.10703681234912,1.9349703467164932,2.1001503265669355,1.928747274818345,2.016649836826104,2.0101118441351074,0.3463691803094869,1.9966611539081562,0
2013-05-16,2.1097870893668222,1.9368243065826731,2.1040407137749253,1.9316315116516718,2.0189292760420443,2.0134736978548733,0.3875489057999054,2.010114970129146,0
2013-05-17,2.096596475611549,1.9561587192766685,2.096762250166493,1.9563085238369229,2.0228241458453873,2.022981531319322,0.4904854363824049,2.0469410224702838,0
2013-05-20,2.0967780914344707,1.965088240453205,2.098511824133884,1.9666549529364474,2.0276010597943426,2.0292470563265987,0.31080441979448814,2.0386920256170473,0
2013-05-21,2.0952881119949893,1.9759056284836702,2.0991739867227,1.9794171550565272,2.032576173469715,2.0362654021084543,0.2564942274036564,2.0490032324989382,0
2013-05-22,2.0961136320104528,1.9792536588915661,2.100632009586715,1.9833367557583026,2.0347267749544766,2.039016498407503,0.4460037139347856,2.0327016322838296,0
2013-05-23,2.1012467663974506,1.9801240235104223,2.103512549922511,1.9821715313726425,2.037620664958342,2.039771787692749,0.4453416210851006,2.0245507538069654,0
2013-05-24,2.1032443005729045,1.9806772195294917,2.104021017405907,1.9813791108640793,2.0388594844295214,2.039596895227679,0.2833999906448763,2.020229783519671,0
2013-05-28,2.113568116319374,1.9813660401881081,2.11256090647127,1.980455860526155,2.0441220114352228,2.043165771803938,0.34494174298121155,2.040459567039342,0
2013-05-29,2.1236344777050498,1.981155535680066,2.121051923691444,1.978821773611015,2.0487899076256406,2.0463380446872543,0.29574784965740764,2.041834478217525,0
2013-05-30,2.1357016283430497,1.9816462381099134,2.1322809316008526,1.9785550763124804,2.0547759189958192,2.0515283278432377,0.3783223533939904,2.0559757500276064,0
2013-05-31,2.145725749733588,1.9788703139697845,2.140758558636356,1.9743816403113144,2.058076142165864,2.053360317561607,0.42555569886925493,2.0428164456743554,0
2013-06-03,2.145266772658123,1.9802472801699096,2.143111130873064,1.9782993034747745,2.058581591013267,2.056535036256473,0.28565286555741864,2.0519494483466705,0
2013-06-04,2.1418757872362097,1.9806514216867128,2.138689556640116,1.9777721385936051,2.0571841959429387,2.0541592056927613,0.30941142707808494,2.024845422413325,0
2013-06-05,2.122735131047516,1.986798088169707,2.117122769252601,1.981726396733338,2.0513270381219537,2.045998691915342,0.3624747080778041,1.9909654291812988,0
2013-06-06,2.114487665771454,1.9882326254967557,2.107184478166293,1.981632995004501,2.0481655547604016,2.0412319475921343,0.31638502236474675,2.0013749111781833,0
2013-06-07,2.114766958744881,1.9883386939126102,2.107997313287605,1.982221206454117,2.048353852409506,2.041926787296729,0.253957574925046,2.026416570344254,0
2013-06-10,2.113134067112002,1.9884936495347856,2.105169651477198,1.9812964908257176,2.0476601217310137,2.040098748215494,0.22806657132332336,2.013355697844617,0
2013-06-11,2.107154276143764,1.9867281426329855,2.09960733132204,1.9799082374269878,2.0438941054768645,2.036729076513697,0.2420052123987121,2.0031426093390987,0
2013-06-12,2.0922485932793786,1.9875196208595047,2.0835362257889023,1.9796465647012262,2.0372341834008347,2.028962708402458,0.29320264768086235,1.9758421899143876,0
2013-06-13,2.0926086910376633,1.9766478398507143,2.0879164395991308,1.9724076193681979,2.0316941451421187,2.027239346776193,0.24932284277054043,2.001080242571824,0
2013-06-14,2.0887200370491548,1.969181617884009,2.085638209770235,1.966396680349685,2.025926185107029,2.0230003148065894,0.24115396190721872,1.9856624914371739,0
2013-06-17,2.0948997815322157,1.9524471101046417,2.0959284537794414,1.9533766845721698,2.020069011468029,2.0210456273860045,0.27687343545215376,1.9939114882904105,0
2013-06-18,2.09677871290825,1.9482588181783165,2.100974083039679,1.952050024722991,2.0187608141835964,2.022743876099773,0.28185220269182587,2.011882668290061,0
2013-06-19,2.094430174154439,1.9488717956198924,2.0953631199843334,1.9497148655339451,2.01796796782388,2.0188537015943218,0.24473110472584186,1.983109219310794,0
2013-06-20,2.0688340488473935,1.9598332237089615,2.0644358168943278,1.9558586981622055,2.011575623287522,2.0073999654451944,0.3882196303542361,1.9380340133777985,0
2013-06-21,2.044646487969387,1.9611450825382475,2.0381582519466845,1.9552818947617054,2.000782975918433,1.9946230794145243,0.7665677966554528,1.9194736529040493,0
2013-06-24,2.0181652408272295,1.963416536671271,2.0090056950214046,1.9551393813983315,1.9894055998113735,1.9807095761172189,0.3745818658407852,1.9006187805625618,0
2013-06-25,2.004786595178461,1.958526498984704,1.9957645476344466,1.9503735959931425,1.9804860426740303,1.9719205590926665,0.3307278738376896,1.9147598956340226,0
2013-06-26,1.9932567151504554,1.9569842954918295,1.9830508553252177,1.947761623510253,1.9742027158962097,1.9645133272801225,0.2854980703207714,1.913581534685826,0
2013-06-27,1.9886240295201558,1.9458511110649206,1.9820104155657734,1.9398746237176012,1.966155300827165,1.959876371186928,0.3021797849258705,1.9213394694413373,0
2013-06-28,1.9703913338421537,1.9414044344596482,1.962741541267751,1.93449158940309,1.9551644379136432,1.9479017658453324,0.8646803552349275,1.8767554823446875,0
2013-07-01,1.9608531319184808,1.92783680398125,1.9554824655665102,1.9229835241072477,1.9435095663715838,1.93841068452305,0.3819940339301623,1.8784249053906095,0
2013-07-02,1.9680738415199612,1.896087235035887,1.968898154524571,1.896832137335335,1.930259084214763,1.9310416825631362,0.314519094440467,1.880585390534257,0
2013-07-03,1.9820876932500944,1.8670284423098897,1.9889542826443234,1.8732335345509712,1.9216467603803906,1.9281658635473045,0.16102157293169764,1.897770839829823,0
2013-07-05,1.985989925134472,1.8589364636621597,1.996092964133585,1.8680662201257439,1.9192484013285993,1.9288401724034694,0.2068360305766217,1.9142689902749177,0
2013-07-08,1.9864357962552122,1.8576279517664362,1.997715895438639,1.8678213755905748,1.9187726903491664,1.9294819560541443,0.25345027731200825,1.9147598956340226,0
2013-07-09,1.9811848162125218,1.8581469798742387,1.9883717709643185,1.8646415748772336,1.9165527110511515,1.9233759673714266,0.4474998760733833,1.8786212988819755,0
2013-07-10,1.9795190352662049,1.8545017469887437,1.986096769180911,1.8604458108222888,1.9138471186963906,1.920091984019271,0.334666150737349,1.8879505383070367,0
2013-07-11,1.9794597690368312,1.8506688135526623,1.9864016916395888,1.8569419817308501,1.9118055349701668,1.9183961590814824,0.3592157874371211,1.8933517511661548,0
2013-07-12,1.9813517154457736,1.84220493431695,1.9891837603129843,1.8492824742785174,1.9082575384150775,1.9156932398333328,0.3864912342573121,1.8861828401461214,0
2013-07-15,1.984975750849651,1.844382407011339,1.9911247110835617,1.8499390033428782,1.911121690550973,1.9169594804394736,0.4879573334017293,1.9051359876026024,0
2013-07-16,1.9893043785768207,1.8453194453946415,1.993577102761849,1.8491805540421284,1.9136687073065848,1.9177252087466417,0.32205169536133016,1.9036629580480462,0
2013-07-17,1.9936244067658055,1.8471698489205435,1.9967017739916777,1.8499507560637996,1.9166914350416293,1.9196130709916108,0.590601454713515,1.910537200461721,0
2013-07-18,1.9856352434536726,1.8633320898468115,1.9919205802709983,1.8690119248389185,1.9213890691000173,1.9273563341858526,0.7217334896247322,1.9443190753173745,0
2013-07-19,1.9848770617891043,1.8613947909670032,1.9908404978157637,1.866783735680999,1.920011494002331,1.9256731482028513,0.6017111984530013,1.9006187805625618,0
2013-07-22,1.9848347359398684,1.859753923308525,1.9913205403567262,1.8656149137294813,1.9191294498567188,1.9252870378070714,0.292187970248076,1.90601983668306,0
2013-07-23,1.9918280742119638,1.860377140159883,1.995828833742528,1.8639924840367719,1.9227765462750173,1.9265748459298186,0.24625307977166594,1.9147598956340226,0
2013-07-24,1.9952614133537725,1.8655003313322824,1.9989143562711877,1.8688013657254292,1.9270975692171814,1.9305656536437081,0.2543445219133086,1.9307669839813917,0
2013-07-25,1.9980237998002155,1.871343030283242,2.0016597876241375,1.8746287429623556,1.931478052077271,1.934930039428912,0.2591943068235598,1.9367573773146085,0
2013-07-26,2.0064596600837987,1.8736813482351165,2.008591854460744,1.8756081363427588,1.936710857033017,1.9387351509462227,0.2136893574452193,1.9380340133777985,0
2013-07-29,2.0100080691825872,1.8746442920343405,2.0109487999966538,1.8754943969612807,1.9389011142810764,1.9397942390737646,0.1817532833565855,1.9268389574154494,0
2013-07-30,2.0147441002766713,1.8744396826447725,2.013963139617558,1.8737339563156976,1.9410418136885241,1.940300373824603,0.22900381003443063,1.924874865763168,0
2013-07-31,2.0160443497053846,1.874189137830299,2.013347016893819,1.8717516542500623,1.9415274267452705,1.9389665934312998,0.3276151167290081,1.9153490761081209,0
2013-08-01,2.017653299796473,1.8686222831612147,2.0175436614525135,1.868523206895201,1.9393669073651811,1.939262817309072,0.24744828314161496,1.9229107741108868,0
2013-08-02,2.0237131658364933,1.8662025554010788,2.0209340371713873,1.863691155821644,1.9409724200572558,1.9383339301983482,0.33311836278429857,1.9165275937949378,0
2013-08-05,2.0288402237984626,1.8642295869703909,2.024434008299359,1.860247846977462,1.9423698151275839,1.9381865777494385,0.21418802335361126,1.919866439886782,0
2013-08-06,2.006148351893931,1.877207706670959,1.9972203882456319,1.869139823944597,1.9384154854063154,1.929939324571267,0.5106410421772217,1.8755769646578708,0
2013-08-07,1.9777203615749874,1.8877095635514474,1.9654761787594195,1.876644931690524,1.9304374481505244,1.918812886612546,0.33550022002626173,1.8517136664399967,0
2013-08-08,1.9565060331360975,1.8893532448809798,1.9431751469272176,1.877306597872935,1.921230493500868,1.9085742215858588,0.39104006039891465,1.8455268796154138,0
2013-08-09,1.9418095207091974,1.8846542110281859,1.9293944880652,1.8734351882631455,1.9117856833614952,1.8999989179121375,0.2794273513400557,1.8444466370435901,0
2013-08-12,1.934823171148114,1.8775345981001212,1.924860922233502,1.868532068620823,1.9047293301966,1.8952712244733398,0.2602433466615074,1.8569184858077492,0
2013-08-13,1.9287939535392509,1.8686633454185761,1.9214088679205663,1.8619897066087856,1.8972071839476001,1.8901958232442557,0.30464763038744763,1.850338912000434,0
2013-08-14,1.9220384493009797,1.8605993645088414,1.9164297934567163,1.8555310220080674,1.8897643334071823,1.884439505610256,0.24870374403066245,1.8415988530494716,0
2013-08-15,1.915655771049527,1.8474629705802965,1.9122436181674187,1.8443795295648853,1.8798339102110633,1.876594430553456,0.3175028692197276,1.8245115221302788,0
2013-08-16,1.912902339730385,1.8314242913475791,1.9121262346723047,1.8307229528521964,1.8701017025593771,1.869364872577051,0.2946300028024268,1.820092433466611,0
2013-08-19,1.9188486388540271,1.8047883432357807,1.9214999861942337,1.8071842713835966,1.858932459892079,1.8614496348460168,0.27936709382095726,1.8091918893720011,0
2013-08-20,1.916104623827333,1.7951368638544387,1.9192731791905306,1.7980001744691871,1.8525599353283626,1.8555681448071653,0.2680940875535998,1.8124324603488517,0
2013-08-21,1.9120959468648808,1.7917787843181352,1.914627665270467,1.7940666080590317,1.8488930189374224,1.8512966188220263,0.3053441678490047,1.815378676196584,0
2013-08-22,1.9097118953681416,1.7887637465995212,1.9120490044092295,1.7908757087898926,1.846177508687333,1.8483963474843617,0.2024420818783773,1.8186192471734348,0
2013-08-23,1.908605560560845,1.785235561837032,1.9113851100107395,1.7877473416646914,1.8437989696081838,1.8464378589579142,0.19714517466747591,1.8208780074320754,0
2013-08-26,1.9109427924602609,1.7749165613997995,1.9152848114525303,1.778840289296243,1.8394878487433333,1.843610138301974,0.18662879896735218,1.8142001585097671,0
2013-08-27,1.9075142594765293,1.7672986283902188,1.9115527007568296,1.7709480239220843,1.8338586126987215,1.8376926872047534,0.27436259588076967,1.7945595554641947,0
2013-08-28,1.9026335406004231,1.7615778531382458,1.9060772252271712,1.7646897882680972,1.8285366099570797,1.8318060256840423,0.34216430704634,1.7888638307373372,0
2013-08-29,1.8985907525147852,1.759288234614756,1.9011606309062963,1.7616105421756378,1.8254147665408111,1.82785459531152,0.25632225096442857,1.793577588007364,0
2013-08-30,1.89414491141837,1.7575137630436197,1.895811961974382,1.7590202172491525,1.82237220301511,1.823954891877828,0.2348338277655961,1.789944073309161,0
2013-09-03,1.893968834843183,1.7571634692295033,1.8957645804339114,1.7587862205536688,1.8221046096574232,1.8238094808963135,0.29985810299629484,1.8065403421306283,0
2013-09-04,1.892630768540342,1.7556747302894322,1.8942186287516638,1.757109623001304,1.820687394614453,1.8221949005883715,0.22338876285229994,1.798389463653764,0
2013-09-05,1.892933908029136,1.7540612530939887,1.8958074413809929,1.7566579628260546,1.8199837302226174,1.8227118473851298,0.246579851447541,1.8084061586679163,0
2013-09-06,1.8930585611401753,1.7498734654218,1.8965066621357323,1.7529893914668286,1.8178430466331845,1.8211166552370233,0.24966679564899608,1.7974074961969335,0
2013-09-09,1.8942528447855078,1.7479641009385964,1.900486584139588,1.7535973091411192,1.8174069755990352,1.8233252543298206,0.2594436397777558,1.8165570371447806,0
2013-09-10,1.8887020600630509,1.7564893017131564,1.8979722410645765,1.7648664340715194,1.8192503437808265,1.8280514039367903,0.2708285293786644,1.8324658503771565,0
2013-09-11,1.8728609903266593,1.785822044962897,1.8856765122401504,1.7974029756149683,1.8271391990687367,1.839306186883985,0.4267509022392039,1.8727291806637523,0
2013-09-12,1.870980160963237,1.8036902439982998,1.8846057892885208,1.8160032389579428,1.8356325872492438,1.84856868574979,0.28847329560209717,1.8730236925314911,0
2013-09-13,1.8704451692535795,1.822153445578552,1.8848380077076197,1.8351597410027933,1.8450773973886165,1.8587418810732643,0.31905065717277803,1.8871649643415722,0
2013-09-16,1.875606473831874,1.8380160866020048,1.8892690285924305,1.8503624506658485,1.8558601426803925,1.868831298940666,0.3355603953386493,1.8967888723729924,0
2013-09-17,1.8824249434115372,1.847324978237236,1.8943436041238755,1.8580954473688795,1.863986837640004,1.8753023502379293,0.2520228399837329,1.887066689226579,0
2013-09-18,1.8934206534496698,1.8586887968482166,1.9034199651845785,1.8677248186780036,1.875175916097959,1.884669209064157,0.3303495585540727,1.9092605643985312,0
2013-09-19,1.9076351545223986,1.863276298785253,1.9141063339864959,1.8691240731573544,1.8843333287250186,1.890477031823608,0.27327919363766096,1.8991457510080054,0
2013-09-20,1.9325826127990473,1.8539198337594143,1.9303659745195776,1.8519167367050338,1.8912608441587346,1.88915637965708,0.7331269287235755,1.8660513317414436,0
2013-09-23,1.9548731443263367,1.845115420126255,1.947085645431655,1.8380781347732915,1.8972171176609434,1.8898237079502467,0.28726946052750235,1.8755769646578708,0
2013-09-24,1.9716066304661846,1.8363519733201819,1.9589403910456975,1.824905943939453,1.9005569965942866,1.888531736777763,0.26529947041614765,1.8655602696437186,0
2013-09-25,1.9675708681916346,1.837678351894351,1.9541262197275808,1.8255289019886258,1.8993379812777345,1.886573704087413,0.22825572896513177,1.8606501188823255,0
2013-09-26,1.9662751789552384,1.8378870452495537,1.9530989844123352,1.8259801875897868,1.8988325482483464,1.8863231397718894,0.1800249694663724,1.8680154233937252,0
2013-09-27,1.9503047140062153,1.842414092063974,1.9361296663918202,1.829604606463602,1.8936294811605703,1.880171766931753,0.3358269917021368,1.8356084597162547,0
2013-09-30,1.9314148627825245,1.8444475947053693,1.9169559030129306,1.8313815478035667,1.8857307237953467,1.8720034648881134,0.34207831882672607,1.818521128797062,0
2013-10-01,1.9221888229398554,1.8418800393641022,1.9090017120463958,1.8299633169871883,1.8800024037055407,1.8674826313043758,0.23055159798748107,1.8303055219721294,0
2013-10-02,1.915733151542063,1.8298661230917317,1.905830046589247,1.8209170399039443,1.8706269713794217,1.8612250166164874,0.3110280220481687,1.8163606436534145,0
2013-10-03,1.9085278566010422,1.8183975428412822,1.9010924623063834,1.8116784418730572,1.861182161240049,1.8541230377493823,0.27617698019730763,1.8055583746737978,0
2013-10-04,1.9001983417488681,1.8147556856576081,1.893277833719864,1.8085018690669137,1.8553150855237355,1.8487447922939622,0.24623589856908532,1.8079152533088114,0
2013-10-07,1.8889997619650918,1.8079333607929835,1.8828516402633,1.802377522213051,1.8464153641770493,1.8405783703864478,0.34106364139393974,1.7873908011827813,0
2013-10-08,1.8660829399551329,1.807417717693545,1.858396439686774,1.8004717012015223,1.8352659414823929,1.8279684193261887,0.47966810191363246,1.755082112620304,0
2013-10-09,1.860949806175259,1.7966801896251925,1.8558385393624932,1.7920613198747097,1.827188804363393,1.8223361950470345,0.3803688894621437,1.7806148338841001,0
2013-10-10,1.8695625430405995,1.7786149367658295,1.8718346669084138,1.7806681741699475,1.8217875217311843,1.8239446639530184,0.3146222638626615,1.8144948271161265,0
2013-10-11,1.8706559772995337,1.7761929869539828,1.8777458115596724,1.782599817628191,1.8210343153167516,1.8277653659627988,0.2779655516066192,1.828145036828482,-1
2013-10-14,1.8689745079604136,1.7810895531735493,1.8790257884331902,1.7901725373005712,1.8228083056852888,1.8323509374926734,0.2289952605364958,1.8360993650753599,-1
2013-10-15,1.8697133841920208,1.7771768167287694,1.8811276604679106,1.7874914916118503,1.8211036773119904,1.8319403300293822,0.28935899070546267,1.8134145845443026,0
2013-10-16,1.868469999048798,1.7816397712895697,1.8816115362151014,1.793515310312632,1.8228578477078858,1.8353343526567572,0.5776688593662668,1.8337424864403462,0
2013-10-17,1.833709188447624,1.7960154536095492,1.83661607447313,1.7986423029647378,1.8139085685205876,1.816668350532697,1.9234618528389718,1.7168811491009828,0
2013-10-18,1.804301889406626,1.8031195704664364,1.7999025776292605,1.7991440691209255,1.8036808140988116,1.7995041310770818,0.9070037404875532,1.7065697854804711,0
2013-10-21,1.7789309186886397,1.8087836055035884,1.7675450391579928,1.7984945917476642,1.794612615075663,1.783802922076002,0.6104045581319413,1.6975352146617697,0
2013-10-22,1.7692248909174326,1.8104796473400036,1.7522271123541844,1.7951193603295297,1.7908961250260957,1.7747585251638838,0.5999656211534966,1.7182559035405454,0
2013-10-23,1.7596057929750315,1.8087011711692487,1.7421255765073864,1.7929049222094708,1.7853957267126632,1.7688001028898168,0.46514464229681607,1.7261121134110504,0
2013-10-24,1.7561152716483217,1.798705497165961,1.7446289304052514,1.7883256997390622,1.778488031251589,1.7675829604406141,0.4757986320310064,1.746047385062982,0
2013-10-25,1.7554667320267647,1.78172687713843,1.7508469823511412,1.777552173916472,1.7692612566292905,1.764875291048471,0.41642376638759954,1.7367181456379213,0
2013-10-28,1.7627979250730201,1.7569524179619802,1.7668358939696884,1.7606013866175843,1.759727264522037,1.7635608905495808,0.31924844651923223,1.7416282963993144,0
2013-10-29,1.7677328654682685,1.7477008038513793,1.7823429069421,1.7609033779076264,1.7572099698163806,1.7710806648838398,0.7656907332567331,1.788471043754605,0
2013-10-30,1.7873910225611387,1.7175223152491461,1.811611310482677,1.7394093266940138,1.7506888033668582,1.7736834149021823,0.4534760573365502,1.769125109315392,0
2013-10-31,1.7914496237693798,1.722118209940455,1.811556614858855,1.7402881815577556,1.755029646281664,1.774119115851328,0.37130576399752163,1.759893988266704,0
2013-11-01,1.8008056005643933,1.7239457763277266,1.815636846972155,1.7373482454032354,1.7604309289138729,1.7745116347599779,0.31338406638290556,1.76009038175807,0
2013-11-04,1.8180684112058605,1.7223260258416402,1.8274766277558787,1.7308278960082177,1.7677746795910816,1.7767067899569329,0.299522781822485,1.7703034702635885,0
2013-11-05,1.8275729866074433,1.719170643890895,1.8312734790997318,1.7225146471410935,1.7706289454676785,1.7741421732057305,0.5242529937834464,1.7465384471607075,0
2013-11-06,1.8369775931304646,1.7171243860287198,1.8374410937445396,1.717543235023324,1.7740183822416336,1.7744584272403372,0.3921664567518304,1.7596975947753377,0
2013-11-07,1.8399241523374548,1.7186123197926415,1.8399010116125671,1.7185914083438552,1.7761987215943649,1.7761767519141876,0.44881551227481836,1.767652079760836,0
2013-11-08,1.8477814921474425,1.7174359834567665,1.8459423984150976,1.7157740599611246,1.7793106471153053,1.7775646213831044,0.5395760780773035,1.7675538046458428,0
2013-11-11,1.8509207242430195,1.7250323228861724,1.8499901516927557,1.7241913976203835,1.7847912096380811,1.7839077290466006,0.44905629573107947,1.7959344666423778,0
2013-11-12,1.848592553428409,1.7289285156681446,1.8524973469792672,1.7324571385075733,1.7857327137016183,1.7894399037696511,0.36618083322584805,1.7978002831796658,0
2013-11-13,1.845887991383111,1.7377871214128877,1.8519221974650166,1.7432400185049126,1.7891023146849168,1.7948311575965703,0.40452294746900747,1.8025140404496929,0
2013-11-14,1.8488978209050997,1.7407271934199406,1.8539032275354295,1.745250401094397,1.7920755003973643,1.7968276066239142,0.5435745302893503,1.7893548928350627,0
2013-11-15,1.8522020014550697,1.7452124589806042,1.8566541555884035,1.7492357120809086,1.7960001080686776,1.800226959339936,0.4450836564262589,1.7989788008664827,0
2013-11-18,1.8524494920592613,1.7529127433861804,1.8578762601992993,1.75781672044766,1.8001625712297074,1.8053147158151346,0.45959840213171865,1.8115487680070146,0
2013-11-19,1.8637157091692464,1.7566930506382359,1.8672827277805324,1.7599164382966397,1.8074964198296026,1.8108829281804326,0.39356808117287934,1.8192085843861534,0
2013-11-20,1.8733111203827761,1.7593418846762392,1.8752995718438312,1.7611387774310516,1.8134427754364832,1.815330600595785,0.3134958675097458,1.8186192471734348,0
2013-11-21,1.8835941601574604,1.7578412985883252,1.883092493807818,1.7573879605779885,1.8175358449662442,1.8170595656227557,0.3834644653682446,1.8082097651765503,0
2013-11-22,1.8907100885463486,1.7538824059187395,1.8849596798472013,1.748685966412379,1.8188341401733636,1.8133747329757863,0.6543875324644577,1.780418440392734,0
2013-11-25,1.873475463804643,1.7620233171343103,1.864183168650972,1.7536262010043808,1.8149293524746921,1.8061072972612104,0.6158389971701984,1.7572424410253311,0
2013-11-26,1.852832186909586,1.7698108126880998,1.8401959563473698,1.7583919012436462,1.809220836539513,1.7972240669721884,0.4949481920976826,1.7412353526779618,0
2013-11-27,1.844169057328307,1.7689985303984903,1.8318089778126208,1.7578291668180215,1.8046817780802744,1.792947184836394,0.3952448514553506,1.7575371096316903,0
2013-11-29,1.839569499248415,1.7683817531637769,1.827512230026242,1.7574860284591638,1.8021743854519312,1.7907272786776913,0.24682918440173696,1.7645094704217377,0
2013-12-02,1.8286334966741458,1.7674914721921446,1.816448194950008,1.756480049076146,1.7965154273573645,1.7849467672119956,0.3921062814394428,1.7429049324625043,0
2013-12-03,1.8166390643144463,1.762501428109036,1.8055731964569233,1.7525015975029918,1.7882004189306333,1.7776945432982176,0.5042349198159852,1.7291564476351553,0
2013-12-04,1.8101306805825204,1.7504408045994833,1.8020969620559077,1.743181019335723,1.7787754287639022,1.7711482594543533,0.4529343151116404,1.7258176015433113,0
2013-12-05,1.8116431844276104,1.7318866624408886,1.8081230312564542,1.7287056254113382,1.7697468696860368,1.766404855132874,0.3770497113023623,1.7291564476351553,0
2013-12-06,1.8218949392483328,1.7104347879624189,1.824048246942226,1.7123806554225103,1.7633446230723653,1.765388961855517,0.4075669797673665,1.7447707489997923,0
2013-12-09,1.8267809198022933,1.6987747791211694,1.8316686972551681,1.7031916894980235,1.7595389510549178,1.7641793807708679,0.3264629074688661,1.742708538971138,0
2013-12-10,1.8266748943903128,1.6954368973159357,1.8317748029430079,1.7000455030113846,1.7577352228184102,1.7625770486635364,0.35494218936365185,1.7393695361406738,0
2013-12-11,1.8210051123848932,1.6965796757510434,1.823282632239749,1.6986377893164406,1.7556440970695895,1.7578063622125988,0.3517261806260649,1.7205146637991862,0
2013-12-12,1.8096580447217663,1.6962683928812905,1.810196680734122,1.6967551390589264,1.7500941567335597,1.750605534876676,0.4876908192449527,1.7025434837995357,0
2013-12-13,1.8024405010295146,1.6898104988773393,1.8028736011890698,1.6902018760640873,1.7432756590583809,1.7436868420285059,0.35980907326977274,1.696945877449051,0
2013-12-16,1.8020023923523911,1.6909044629056609,1.805671572424438,1.6942201702370654,1.7436423522792763,1.7471258521733812,0.6463734468377832,1.7465384471607075,0
2013-12-17,1.8016679488198968,1.6906029682859975,1.8046681043557247,1.693314101975315,1.7433252168989928,1.7461735484842904,0.4705189060226856,1.7260139950346776,0
2013-12-18,1.8006480832020264,1.6971090409853302,1.805317688851411,1.7013287972748588,1.746258746848142,1.750692045423229,0.4899350624528493,1.7548855623903175,0
2013-12-19,1.7975555344289578,1.7077143781608117,1.8046823869737318,1.7141546609402183,1.7503617342732314,1.7571279298802986,0.5096521776516617,1.769812408165863,0
2013-12-20,1.7955326087747612,1.713976052751417,1.8053731520675924,1.7228686011955823,1.7526907313297835,1.76203329038805,0.6581108388150824,1.767848473252202,0
2013-12-23,1.79022698724935,1.7277698533631227,1.8035101219347178,1.7397733490203247,1.7574180874381267,1.770029024312655,0.3508233043201189,1.7895512863264287,0
2013-12-24,1.7863670789999706,1.7427664633001558,1.8020521558635147,1.7569405085442973,1.763463558726231,1.7783548866306431,0.13875062405169422,1.7992733127342215,0
2013-12-26,1.7863616560811753,1.7619208205055013,1.8026691507538586,1.776657322552644,1.773522819653529,1.7890050676898648,0.2859710055286479,1.820190551842984,0
2013-12-27,1.800561937120335,1.7711811546590777,1.8133113091396544,1.7827023080081084,1.7851281333549767,1.7972323188152526,0.29077779632909223,1.817539004601611,0
2013-12-30,1.8242520205596084,1.7754505380286634,1.8324085951018108,1.7828213438974634,1.7986164710015136,1.806360279153772,0.2595640726092418,1.8306000338398685,0
2013-12-31,1.830068231838308,1.7885328392315214,1.8381463073103999,1.7958327082868746,1.8082495787899908,1.8159188603458305,0.31125154209513833,1.8419916400322038,0
2014-01-02,1.8548197902068415,1.7845982832603502,1.857064735646995,1.7866269604875127,1.8179322444190802,1.8200635835873655,0.39094544047465496,1.821958250003899,0
2014-01-03,1.8702191230073295,1.7856624569746258,1.869854244069247,1.7853327288756173,1.8258012797343484,1.8254548656262333,0.34938731749390867,1.832858794098509,0
2014-01-06,1.8834363831859735,1.7846233187815506,1.8804692825929819,1.7819420556666257,1.8315296156421692,1.8287126662424307,0.34978289618681707,1.8265737321589328,0
2014-01-07,1.8976576982269746,1.7900536161922909,1.8944243822682891,1.7871317837342344,1.8411329855626766,1.8380632927216256,0.5101079316569577,1.863006997517339,0
2014-01-08,1.9098964545584336,1.789823225806658,1.9054270581017099,1.7857843914328944,1.8468216657071985,1.8425784446665303,0.39586395019522863,1.845919666598146,0
2014-01-09,1.9214046540029759,1.7872721174864161,1.9153640085977541,1.7818134014072855,1.8509444731049298,1.845209516734234,0.371580909858944,1.8401256667562953,0
2014-01-10,1.9250859641398326,1.7875489444885404,1.9190911915682163,1.7821316820551047,1.8528373991273328,1.84714599417899,0.34587898169231884,1.8389473058080987,0
2014-01-13,1.9208640969428217,1.7896283986590136,1.911614811641616,1.7812701490007048,1.8519256329317657,1.8431444110416875,0.4974160375592597,1.8085044337829097,0
2014-01-14,1.9198733388088034,1.7895992672148473,1.9110274552296493,1.7816055573232015,1.8514400198750194,1.84304178541768,0.39719676759924427,1.8257881581934685,0
2014-01-15,1.9198475788699727,1.7899432705053209,1.914190107843908,1.7848308154635966,1.8516084975514822,1.8462373248825965,0.41416225977041143,1.8436610630781258,0
2014-01-16,1.9225223481347098,1.7936200412107661,1.9181829549431375,1.789698686156879,1.8548096208583178,1.8506898242207845,0.4101896204655909,1.8536777580922779,0
2014-01-17,1.9214599934747558,1.8010889841342477,1.919880641390841,1.799661779914046,1.8582287796822283,1.8567293512788676,0.6573455765432029,1.8667387873305352,-1
2014-01-21,1.9252165529478669,1.8022788661897413,1.9231547238498443,1.8004156646781833,1.8606370566293473,1.8586795671348029,0.9524313333509256,1.850437030376807,-1
2014-01-22,1.9061976673045145,1.805391177606085,1.901874427123575,1.801484419452521,1.853243748111527,1.8491392870557108,1.186302109498188,1.7897476798177947,0
2014-01-23,1.8942832957911837,1.8062717576086504,1.8881192979513868,1.8007015723283257,1.8480505989190792,1.8421985324081496,0.5996732118827828,1.7944614370878218,0
2014-01-24,1.8716191873926482,1.812149868807574,1.8616886154117334,1.8031759646448955,1.8403797949662584,1.8309517631540666,0.5925104589543125,1.7641166834390054,0
2014-01-27,1.8472673945452238,1.8164966928918282,1.8341127362321996,1.804609296755862,1.8311034625033482,1.8186145004081073,0.44787827356371107,1.7470293525198126,0
2014-01-28,1.8256177726890355,1.8222693012898048,1.8074688999682682,1.805868811492256,1.8238588116893484,1.8066283692036929,0.4586009881082238,1.7367181456379213,0
2014-01-29,1.8057819593646651,1.8222333208231003,1.786387223783067,1.8047069891370457,1.8144239036272891,1.7960106456192129,0.4274388079961152,1.7322989002356333,0
2014-01-30,1.7949034682692457,1.8124804222256978,1.779016066644095,1.798123543301494,1.8041366892875879,1.7890532753389392,0.4173610050987068,1.7417264147756872,0
2014-01-31,1.7889105812608141,1.795105297619125,1.778346909779611,1.7855592839896457,1.792164682365245,1.782135589280805,0.44657118686021086,1.7350487225919993,0
2014-02-03,1.7832738314263719,1.7677675650889748,1.7775186076923568,1.7625667744071207,1.7751283481636186,1.7696643695977459,0.6179801531626113,1.6979280016445017,0
2014-02-04,1.78751000783151,1.7345266475452863,1.7871674737925864,1.734217111735701,1.759677706681425,1.7593525067008058,0.37403157411794047,1.6973386644317832,0
2014-02-05,1.7851978109136142,1.721504053350617,1.786987301876544,1.7231211525904366,1.751739309370918,1.7534382424997002,0.40520230372798394,1.711087149259132,0
2014-02-06,1.792661854586398,1.6995526772773175,1.7985843324408937,1.7049046095500984,1.7437513542197989,1.7493741229511972,0.3690786197854947,1.7153098444314336,0
2014-02-07,1.7968663389612591,1.6912441446282322,1.806678053405939,1.7001106414692342,1.741382717217963,1.7506979063223134,0.40353408294344745,1.7406461722038635,0
2014-02-10,1.7977512096389163,1.6890106662955509,1.8092883264865638,1.6994363478276306,1.7406295108035303,1.7515827877013406,0.30443265983841283,1.7395659296320398,0
2014-02-11,1.792881573200461,1.6987881065293156,1.8070650262896037,1.711605187857806,1.743454022994142,1.7569197173356326,0.39961306945307956,1.7647058639131037,0
2014-02-12,1.7890869825879516,1.7094618952690215,1.8048861575767152,1.7237390469246394,1.7472597108296049,1.7622593628825498,0.34249107872221507,1.7700089583958494,0
2014-02-13,1.783159643980764,1.7232704110545543,1.8019206220583661,1.740224038659296,1.7516996694256344,1.769511241456269,0.3853992003095576,1.7857213781368593,0
2014-02-14,1.7767712245889835,1.7422687930396459,1.7979754379953594,1.761430285380621,1.7586470048319922,1.7787781713883624,0.4006964716961883,1.8038889516278758,0
2014-02-18,1.787042695233535,1.7524004317481496,1.8045424972268689,1.768214379449837,1.768845021385798,1.7854592396017575,0.38137493519028426,1.7989788008664827,0
2014-02-19,1.8041987825925747,1.755971112385198,1.8164470563196164,1.7670394410570982,1.7788646581858276,1.7904931036132326,0.40169396792639406,1.7966219222314692,0
2014-02-20,1.8194904788135888,1.7610567441223932,1.8281034895418466,1.768840015113838,1.7887950813819467,1.7969722276028115,0.4272066562444999,1.80948640123974,0
2014-02-21,1.841193950302304,1.7567636674467755,1.844124244227349,1.759411669686966,1.7968424964509913,1.79962450179746,0.49007267648691594,1.79505061756192,0
2014-02-24,1.854810016297491,1.7561565449616656,1.8548065883643234,1.7561534472605682,1.8029870834203192,1.8029838289589433,0.3951416820331561,1.8015320729928623,0
2014-02-25,1.8758614347605904,1.7486228260820609,1.8719782113629508,1.7451136954217463,1.8090226526311102,1.80533594115093,0.33555184584071446,1.799371587849215,0
2014-02-26,1.886676994980671,1.7470749670278027,1.8818447578140587,1.7427082464292454,1.8133436755732741,1.8087559755074134,0.32165611666842175,1.8075223095874586,0
2014-02-27,1.8968277943421885,1.7473918782555342,1.891988746022816,1.7430190026608476,1.8183287071439755,1.8137345406061913,0.32914572347947796,1.8194049778775194,0
2014-02-28,1.901396002559529,1.749546268505178,1.8971814974172967,1.7457377703328476,1.8216289303140203,1.817627701721148,0.40138437745309963,1.8184228536820686,0
2014-03-03,1.9017907477505425,1.7502649179190335,1.8986091826613254,1.7473898508783003,1.8221938232613335,1.8191732624183785,0.33966209917960166,1.80948640123974,0
2014-03-04,1.899670523298239,1.7583124842202171,1.898565885287853,1.757314262198494,1.8254147665408111,1.8243660291344572,0.4069822434326497,1.8308947024462277,0
2014-03-05,1.8993839011968112,1.7664765469082047,1.899709057769669,1.766770379320708,1.8295673118065126,1.8298760137139893,0.29968612655706706,1.8377689448599022,0
2014-03-06,1.8972481439340603,1.7747834134564187,1.8997423930118635,1.777037377500491,1.8329170928171692,1.8352851195228064,0.32824284717353186,1.842678938882675,0
2014-03-07,1.9020633594020206,1.7796577877587727,1.9041904710068893,1.7815799827463423,1.837763384579378,1.8397828529360172,0.3540823071675127,1.8430718826040275,0
2014-03-10,1.9077509051008745,1.7800648811996773,1.9082367111461453,1.7805038868179126,1.8406770945558852,1.8411383162114123,0.3947890974500547,1.8304036403485022,0
2014-03-11,1.916330171119776,1.7789719572630764,1.9150014436850584,1.7777712336108646,1.8441755332703629,1.8429140465656368,0.3636871748570446,1.8340371550467056,0
2014-03-12,1.9226838199538987,1.777305564342927,1.9196056965961308,1.7745239739102108,1.8463162326778106,1.8433938788602602,0.415581065394041,1.8287342173025802,0
2014-03-13,1.917178635984342,1.7796956929292842,1.9115408541189904,1.7746010302807496,1.8449584775527657,1.83960599766753,0.42247730416573465,1.80595116165653,0
2014-03-14,1.9044120946155312,1.7856479051388094,1.8953922618088137,1.7774970035264526,1.8420249476036166,1.833461566681972,0.47210113858760816,1.7893548928350627,0
2014-03-17,1.9077839379045147,1.7855252058292477,1.8986835555900061,1.7773015144959503,1.8435610983004524,1.834921244107845,0.42461846015814764,1.8247079156216448,0
2014-03-18,1.9078929897854373,1.7861247203516462,1.9015622871520743,1.7804038898875603,1.8439277915213481,1.8379174563729215,0.3406251507979353,1.834528217144431,0
2014-03-19,1.9053270574073562,1.7838589110016496,1.900129371815839,1.7791619476791287,1.8415195145742287,1.836584859732516,0.3718044299059136,1.8139056466420282,0
2014-03-20,1.9049629882674712,1.7846784349139173,1.9043999833618281,1.784169667435461,1.841777190036587,1.8412426761967975,0.4353239935000798,1.8452322110090544,0
2014-03-21,1.9056991563397747,1.7821076564615805,1.9078700596622085,1.7840694244644109,1.8407762102371095,1.8428372542156872,1.0778795140629787,1.833153305966248,0
2014-03-24,1.9041841713347651,1.7869858487905297,1.9087864428376657,1.7911447576103872,1.8426195784189003,1.8469889503162171,0.49344339825443917,1.8486693322158918,0
2014-03-25,1.8813892758275348,1.82320620590204,1.8938133295564168,1.8344333807001512,1.8508255532690792,1.8626208832880748,0.9383636277394051,1.9153490761081209,0
2014-03-26,1.8790482054156386,1.8373962849386645,1.8936697897974448,1.850609289909679,1.8571683399648253,1.8710499938072476,0.5891654678873048,1.89158405300524,0
2014-03-27,1.8880500325779166,1.840449477780156,1.8984501728515648,1.8498477140825063,1.8630453335764667,1.872919171008959,0.5819424574397362,1.8641855152041555,0
2014-03-28,1.90742433288311,1.8384875735912523,1.9120104263743627,1.8426318629182599,1.8712116684813622,1.8755656810611323,0.4466571750798248,1.8702740269137454,0
2014-03-31,1.9143654104648624,1.8448179642999643,1.918130958322019,1.8482207557660597,1.8778319506121082,1.8814069415648782,0.7341072437512007,1.8903074169420502,0
2014-04-01,1.918337649062663,1.8557366885218054,1.9229245964104176,1.8598817494485187,1.8854531967243169,1.8898080199508736,0.4638290883020919,1.9100461383639955,0
2014-04-02,1.937118985675253,1.8554426020017096,1.9379149049830988,1.8561618459288027,1.894214162444496,1.8949698039693477,0.4234146250835528,1.900716898938935,0
2014-04-03,1.9461209465785851,1.8563449107104368,1.9447327774625376,1.8550904717281766,1.8989613543434958,1.897643434025114,0.3517864381451634,1.8922715085943316,0
2014-04-04,1.963707947350307,1.8500740636801618,1.9575539209482296,1.8445128892329123,1.9040157637274508,1.8981731640460466,0.5236596257440838,1.8832367810370099,0
2014-04-07,1.9777801340613115,1.8491868031112195,1.9707568818207124,1.842840140236354,1.9102297126920178,1.903561874658451,0.5796035943075799,1.9102425318553615,0
2014-04-08,1.9794888889531548,1.8443410410614178,1.976601885832921,1.8417321591794755,1.9084953622687642,1.9057544569803506,0.4406896255213036,1.898163626812555,0
2014-04-09,1.974473085405838,1.8564579716127418,1.9756374367765919,1.8575101544711823,1.9124794298580028,1.9135848588086346,0.4712240751888884,1.931061652587751,0
2014-04-10,1.9839834265993894,1.8589006860220898,1.9839671692351237,1.8588859948211058,1.9182771277610624,1.9182616931065657,0.723840201005273,1.921634138047697,0
2014-04-11,1.9949374249482577,1.857944666528852,1.9930736049104096,1.8562603987517015,1.9229747618194502,1.9212052610653343,0.41575304183326883,1.9168222624012972,0
2014-04-14,1.9947040793802182,1.8681170370034317,1.994762053340547,1.8681694260062929,1.9282075667751961,1.9282626069423998,0.4670106524278067,1.9421585901737268,0
2014-04-15,1.9942171722582587,1.8733113913122503,1.9963030225470375,1.875196299918237,1.9307050415082112,1.9326853365925094,0.46014877606127425,1.9347932856623271,0
2014-04-16,1.9971276729091563,1.8760582289064849,1.9988731860406705,1.8776355869465866,1.933529569516838,1.9351867503281892,0.7332473615550616,1.9287047739527374,0
2014-04-17,1.9847888028008385,1.882152197894727,1.9793595607658028,1.8772459852624606,1.9308735191846738,1.9257190258965953,0.9673331082513589,1.8659530566264506,0
2014-04-21,1.9865877366918725,1.8814698900393234,1.9767667607508326,1.872595023913964,1.9313690501367482,1.922045068217394,0.4660303374001815,1.8881469317984028,0
2014-04-22,1.9811221619550092,1.881937606040851,1.970381250289505,1.872231426770284,1.9290202489255694,1.9188228849601368,0.3335139414772069,1.8869685708502062,0
2014-04-23,1.9768109839647672,1.8828902984280793,1.964124517715818,1.8714259907829685,1.9274741961514201,1.9154297330923675,0.40727457049665267,1.8828439940542772,0
2014-04-24,1.9663874908670165,1.880197370173247,1.9546126493398628,1.8695568653162782,1.9211115894830322,1.9099326180486704,0.37895871554315985,1.8680154233937252,0
2014-04-25,1.9561165298580834,1.8780646649257446,1.9448000127072675,1.8678383314817195,1.91511567603554,1.904371835307518,0.3328603981254568,1.8622214235518746,0
2014-04-28,1.955500179315658,1.874753998971352,1.9481932820879928,1.8681510162253805,1.9130839943866296,1.90614686532264,0.48482739509046724,1.8966905972579993,0
2014-04-29,1.960065741043062,1.8656097656375983,1.9608043076725397,1.866277181992207,1.9104477640271074,1.9111489552265186,0.3978073168411874,1.916036531697212,0
2014-04-30,1.9613637515269717,1.8633991637938025,1.9695684798475102,1.870813484516801,1.9099026910524357,1.9176922161437489,0.36173525871315093,1.929392229541829,0
2014-05-01,1.9647214492817595,1.854950248003662,1.9759810103451654,1.8651251122603252,1.907058343071167,1.9177481099950786,0.31592071886151596,1.9005205054475687,0
2014-05-02,1.9688019303986695,1.8539607643636982,1.974650124307649,1.8592455688809812,1.908475558114137,1.914027802065814,0.26225543811778856,1.8799960533215379,0
2014-05-05,1.96695398215606,1.853725189888644,1.9703087438828217,1.8567567685612965,1.9074745941326743,1.9106595869350043,0.1910744556867602,1.8782285118992437,0
2014-05-06,1.9620415480440814,1.8541646695536629,1.9623721254318518,1.8544634005635083,1.9053735346705103,1.9056873830706107,0.2741906194415419,1.8661494501178169,0
2014-05-07,1.9558340516696346,1.8551896118711888,1.9530307508128522,1.8526563687431727,1.9029652577233909,1.9003038189152655,0.3285609871447612,1.8589806958364035,0
2014-05-08,1.951741735241531,1.8564161741157643,1.944926203641356,1.8502572209844421,1.9016669625162717,1.8951963333453699,0.2091147183963904,1.855150787646834,0
2014-05-09,1.9530013449592545,1.8561268928086634,1.943535101998334,1.8475725862415098,1.9021129356277344,1.893125735298386,0.19447099036150978,1.8666405122155425,0
2014-05-12,1.952879127806885,1.8551619394018026,1.9469494303968373,1.849803483073837,1.901548026862406,1.8959184039236625,0.3248118678869102,1.891092990907515,0
2014-05-13,1.9549978952684874,1.847738289402048,1.9538018268292128,1.8466574449585775,1.8986541368585403,1.897518595893054,0.19146140267502282,1.8873613578329387,0
2014-05-14,1.959156273461181,1.8293589945670594,1.9608433907766751,1.8308835823883387,1.8909734150103914,1.892575155147007,0.45156713530246356,1.8532849711095458,0
2014-05-15,1.9477318674305286,1.8263442366786018,1.9482496076748461,1.8268121000949886,1.883966619686108,1.884458159499047,0.3613396800202426,1.831091095937594,0
2014-05-16,1.9400277608892533,1.8250426553003682,1.9392613266141547,1.8243500559470835,1.879625776771302,1.8788981281785047,0.339610473365149,1.8369832141558173,0
2014-05-19,1.9341369221420468,1.8223288718624395,1.9329119826476084,1.8212219376748322,1.875403853692347,1.874240902701833,0.2812416534498827,1.836394033681719,0
2014-05-20,1.9212289626821923,1.8242959747792844,1.917351297599747,1.8207918669704184,1.8703098043631086,1.866628369917582,0.2602433466615074,1.8156731880643229,0
2014-05-21,1.9163346391906924,1.8232286554926993,1.9117812257329287,1.819113897947862,1.8674258164365563,1.8631028301054202,0.2569328002063717,1.8304036403485022,0
2014-05-22,1.9103325148147425,1.8225586970776844,1.9047650127268583,1.817527543760614,1.8642246931297206,1.8589389364885223,0.1907218711036588,1.823431279558455,0
2014-05-23,1.9063950759690478,1.8183061092983945,1.9020543200268776,1.8143835227753347,1.8601217057046309,1.8560006152789845,0.22037917516581298,1.8259845516848345,0
2014-05-27,1.907983020358159,1.8021741627785688,1.9070402515768832,1.8013222162132558,1.8524013439111986,1.8515062842833654,0.4122103436265178,1.8145929454924992,0
2014-05-28,1.9112035461769847,1.7820765420036855,1.9126708604470082,1.7834025016423674,1.843372784833333,1.8447658451366922,0.32001379099782257,1.797898558294659,0
2014-05-29,1.909717344033543,1.7740617848708162,1.9118440858851864,1.7759836457255669,1.8384571152578704,1.840476232572779,0.23731885442975384,1.804576250478347,0
2014-05-30,1.9075628880701325,1.7720467386128977,1.9093238351050137,1.7736380437217019,1.8363758915863633,1.8380477252628473,0.3973085687260845,1.8104685254351909,0
2014-06-02,1.9088413546824972,1.7683067238084966,1.9124638446607456,1.7715802389652813,1.8350181364613185,1.8384573090306235,0.2752052968743282,1.823529397934828,0
2014-06-03,1.9094873046102863,1.7627611149576965,1.9137028735279062,1.766570574425952,1.8324116439697664,1.83641388250529,0.2164409804728645,1.8105666438115637,0
2014-06-04,1.9089503869154,1.7625293972985272,1.9120673440121543,1.7653460803978702,1.8320350486715573,1.834994271032758,0.20437681681969036,1.8119415549897468,0
2014-06-05,1.9097199519378185,1.7610604468259308,1.9148315064778076,1.7656795765852562,1.831628715505378,1.8364815979884204,0.24525558354146018,1.8263773386675668,0
2014-06-06,1.9087076991714143,1.7632769637429544,1.9151209532158702,1.769072392976685,1.8323125441065573,1.8384012531222118,0.28347734715984446,1.8302072468571362,0
2014-06-09,1.908332309339157,1.7641444483375766,1.9158229285963329,1.7709134541372622,1.8325900395415573,1.8397015933156393,0.23461022551191557,1.8287342173025802,0
2014-06-10,1.9074803038220907,1.7639899310959717,1.9129399528704512,1.7689236214630528,1.832104426484811,1.8372877880283627,0.35727242079116234,1.8097810698460994,0
2014-06-11,1.9033511167377333,1.7661554060855018,1.9037251235628436,1.766493382730873,1.8312818422571246,1.8316369223322597,0.34925833516448784,1.7897476798177947,0
2014-06-12,1.892606488077955,1.7710728600086783,1.8888071614102888,1.7676395438347587,1.8287645475514678,1.8251574871770495,0.3805236846987909,1.7796327096886493,0
2014-06-13,1.8885231649967391,1.7713668510078966,1.8835622116097746,1.7668838141460022,1.8269806392876022,1.82227073673204,0.23849695880383318,1.7927920140418998,0
2014-06-16,1.8843964250230634,1.7687946412879223,1.8800356750474276,1.7648539868690263,1.8236704982222292,1.8195304255683757,0.30579129014965484,1.7907296472746252,0
2014-06-17,1.8807318827977415,1.7681253258501237,1.8760413342507483,1.7638866442100325,1.8215793566553933,1.8171261750055676,0.21160837676519387,1.7898457981941676,0
2014-06-18,1.8800963497064604,1.7669827878697608,1.8768270811577252,1.7640284663367423,1.8206774925371396,1.8175736664997966,0.3380884983193249,1.8030051025474183,0
2014-06-19,1.8800416048367454,1.7610704665180963,1.878976237898084,1.7601077323650176,1.8175457470435576,1.8165342933822117,0.30535279955365047,1.7953452861682795,0
2014-06-20,1.8803566444357964,1.751692135528065,1.8810166439360823,1.7522885535666597,1.8127688330946028,1.8133954330826683,0.9189389218113065,1.7828734374041204,0
2014-06-23,1.8872570430483948,1.7377589718195896,1.8905908645115261,1.7407716275219116,1.8087253055874386,1.811890417815715,0.27788811288494014,1.788667437245971,0
2014-06-24,1.8859273624161046,1.7325270871349479,1.889132376722361,1.735423344397836,1.8053457867088119,1.8083886101127393,0.3332387134090737,1.7762938635968053,0
2014-06-25,1.881948050468679,1.7332364648084408,1.8834286986671902,1.7345744738433302,1.803829455984618,1.8052351754482154,0.2375682695906607,1.7747225589272562,0
2014-06-26,1.8787939886598308,1.7344830533576678,1.8777800531540987,1.7335667959584904,1.8029870676023045,1.8020244426677159,0.28019261361193515,1.7712855944590393,0
2014-06-27,1.878372950207994,1.733259875939879,1.8780226142431609,1.7329432898077612,1.8021446634019762,1.8018120563147157,0.39343909884345846,1.7844447420736695,0
2014-06-30,1.877302602163873,1.7321895397925264,1.8770615091967893,1.731971672666135,1.8010743216072596,1.800845429236535,0.36319705844658745,1.7801237717863747,0
2014-07-01,1.8661964200118788,1.7499422006155723,1.8704945109043216,1.7538262322529634,1.8051277670097519,1.809208351465866,0.5712283745998691,1.8300108533657702,0
2014-07-02,1.8539553032226557,1.7700410918241203,1.864332161244541,1.7794182887848882,1.809874943090737,1.819726676478195,0.4379380024936584,1.8500442433940747,0
2014-07-03,1.8480931699087435,1.7861112197200404,1.8618397690985953,1.7985335317408953,1.815533885367289,1.828584832958269,0.20829783031005822,1.8514189978336377,0
2014-07-07,1.8494591133952247,1.7971212049917817,1.8631347887198713,1.8094794256420268,1.8219658698489307,1.8349494827024269,0.2544133289303419,1.8466071221872375,0
2014-07-08,1.852922643999948,1.803575504283993,1.8652240500732964,1.8146918467646254,1.8270004592602442,1.8386793482524504,0.2695817001942627,1.8385545188253665,0
2014-07-09,1.8611393059488897,1.8103757300505852,1.8710617503978126,1.8193422896521132,1.8344730634866468,1.8438933790635281,0.2845866445168905,1.850338912000434,0
2014-07-10,1.8739493334741346,1.8119685786160349,1.8797123045484936,1.8171763702933903,1.8413906768430495,1.8468620106923204,0.2732533807304346,1.8432682760953936,0
2014-07-11,1.8929685957436164,1.8091766518074204,1.8938944505039252,1.8100133137744792,1.848952463037333,1.849831464584317,0.20658669762242574,1.8462143352045053,0
2014-07-14,1.9098394124482991,1.8093072539241175,1.9083468783477273,1.8079585040229231,1.8570296001563324,1.8556125962810253,0.38704160818686767,1.864480027071895,0
2014-07-15,1.945312715857004,1.7908728742721949,1.9386652317911282,1.7848657797116045,1.864185053184437,1.8578739674418872,0.4183068755144599,1.8510262108509052,0
2014-07-16,1.9409678983300966,1.8061378768026985,1.9373406670268567,1.8028600770794097,1.8701413266866458,1.8666976527288064,0.6717915974383403,1.8890307808788604,0
2014-07-17,1.9369429043876034,1.8175103703113769,1.9368866662923516,1.8174595499479527,1.8742046741664515,1.874151282020248,0.7629132973218615,1.8903074169420502,0
2014-07-18,1.9358436703328694,1.825993725140522,1.938085666126662,1.8280197368773372,1.8781391997330932,1.8802677385229332,0.7022141637723739,1.8904056920570433,0
2014-07-21,1.9393689101947482,1.828109583655568,1.940817034435315,1.8294182019481975,1.8809240877964364,1.8822989291886854,0.3572294266813554,1.8742022102183082,0
2014-07-22,1.9429524676361027,1.8378325012443364,1.9451289838793966,1.8397993414438103,1.8877326675762869,1.8897990404318448,0.41730082978631927,1.90601983668306,0
2014-07-23,1.9469702991180045,1.8440311322658995,1.949298649575757,1.8461351796364995,1.8928960789007643,1.8951066023457188,0.3081989602988444,1.901502472904399,0
2014-07-24,1.9541721366834055,1.8517483885666908,1.9562593571270976,1.8536345353328663,1.9003686673091522,1.9023502632111815,0.31064962455784095,1.917313167760402,0
2014-07-25,1.9662792150636836,1.8528821901967094,1.9663338070717402,1.8529315230497707,1.9067114540048982,1.9067632833647417,0.29033059182173115,1.909064170907165,0
2014-07-28,1.9716509434567815,1.8591968936442673,1.9719480337744968,1.8594653635817453,1.9125785297212117,1.9128605856764878,0.2788081703934668,1.9226161055045274,0
2014-07-29,1.9907570353639266,1.8534022167348336,1.9876653601475507,1.8506083799702235,1.9186041810366743,1.9156689611571973,0.2806741805244574,1.910733593953087,0
2014-07-30,1.9936629470829215,1.8538703357236495,1.990197688807585,1.8507389052560428,1.9202295137013905,1.91693961606809,0.33912035695469184,1.9051359876026024,0
2014-07-31,1.9908535020536993,1.8548620871724797,1.9849170038407495,1.8494974852011825,1.9194168473690323,1.913780767784465,0.3617954340255385,1.882254813580179,0
2014-08-01,1.9765648440858392,1.861453960422558,1.966620195561723,1.8524673357892083,1.916096788408331,1.9066553924014722,0.44551359752432845,1.8575076662818475,0
2014-08-04,1.971625239401027,1.863634839763061,1.9577331023897424,1.8510810103971738,1.9148975930644205,1.9017084726458346,0.18280232319453305,1.8623195419282474,0
2014-08-05,1.9510131784902762,1.8690735606203397,1.9353337301129476,1.8549046016386992,1.9079700776307043,1.8930840933809376,0.2844403987781781,1.8373760011385496,0
2014-08-06,1.9309641392508838,1.8727394492750582,1.9137037177596639,1.8571418212061688,1.9003785535684508,1.883991601918152,0.3307966808547229,1.8262790635525736,0
2014-08-07,1.9104512816197938,1.8706362681806756,1.8936055189499885,1.8554133525181546,1.88953634835875,1.8735430715709884,0.23290772452892883,1.8098791882224723,0
2014-08-08,1.9033890774465896,1.8623588833659581,1.8900721403160343,1.8503248416431157,1.8818358065379588,1.8691927778031459,0.2391762328560987,1.8327605189835159,0
2014-08-11,1.9053671467042075,1.8448933397009941,1.8985701462316922,1.8387511324896415,1.87360009381981,1.8671470580021838,0.21730941216693847,1.841009515836753,0
2014-08-12,1.9092709430185186,1.8277251566391388,1.9080115235840611,1.8265870641579447,1.8664347228963774,1.8652390368356166,0.15981773785710288,1.839732879773563,0
2014-08-13,1.9189472933272878,1.8075667766961412,1.9235168352753511,1.8116961089831503,1.860438809448885,1.864777108082265,0.15434885420697364,1.8457232731067799,0
2014-08-14,1.9254470306788058,1.7945427847041835,1.9334419625242094,1.8017675198257537,1.8566826794540343,1.8642730248963344,0.16591426974504492,1.8450358175176884,0
2014-08-15,1.9263015614209225,1.790431193902105,1.9347607776958844,1.7980754863244115,1.8549284932401238,1.8629596278313465,0.2420396570105842,1.8401256667562953,0
2014-08-18,1.9270718620738625,1.7892068424659329,1.9384494885388248,1.7994883982203802,1.854650997805124,1.8654528553884593,0.20811730437289555,1.8595698763105017,0
2014-08-19,1.9244360303429169,1.7971921166356355,1.9362095296944273,1.8078314086162852,1.8575944614676163,1.8687721586476165,0.17542459971702806,1.8665423938391694,0
2014-08-20,1.9266161385175886,1.8030138913126692,1.9369958532137728,1.8123936697482435,1.8616875468153924,1.8715419923141183,0.18724797991394107,1.8668369057069083,0
2014-08-21,1.9378674154305182,1.805920985786405,1.9455447272408448,1.8128586989962057,1.8685556023311831,1.8758444010145805,0.21466959026613355,1.8779338432928843,0
2014-08-22,1.9429780850258367,1.8084341862502573,1.9488609537203792,1.8137503251361045,1.8723018144307053,1.8778869784379435,0.16684295895821738,1.8698812399310134,0
2014-08-25,1.9456844889903946,1.8129502332746879,1.9508991624943568,1.8176625479685593,1.8759588287443323,1.880909611819067,0.14820932820922464,1.8772463877037928,0
2014-08-26,1.9470802317616167,1.8223485154694177,1.952475129498062,1.8272236923824248,1.8815583269209737,1.8866802139160512,0.2730469596793346,1.895217567703443,0
2014-08-27,1.951396880861772,1.826560299169069,1.955871622568516,1.8306039638548732,1.8858198899452123,1.8900681857376,0.18833138215704984,1.8879505383070367,0
2014-08-28,1.9586433986150675,1.8277848897483961,1.9612625635629284,1.830151735814617,1.889903073215675,1.8923896943788132,0.1292919198941638,1.8854955412956507,0
2014-08-29,1.9722906764053691,1.8247346548565229,1.9723439536835976,1.8247827996350703,1.8947791028458538,1.8948296840082453,0.2501740932620338,1.8884416004047622,0
2014-09-02,1.9782979711219346,1.8234567109667685,1.9767529519369327,1.822060532164344,1.8969594421985851,1.895492609265433,0.2304226156580602,1.8811745710083552,0
2014-09-03,1.982412204536304,1.8232857097041824,1.980216198422283,1.82130125720278,1.898822630353018,1.8967377539186547,0.1567393431535826,1.8850044791979248,0
2014-09-04,1.984887037051169,1.8221435386422251,1.9807481926686186,1.8184034124033108,1.8993974411956596,1.895468044522498,0.24635624919386045,1.8725326304337655,0
2014-09-05,1.9848195157797455,1.822147944290075,1.9806047139502196,1.8183391780120057,1.8993677033276894,1.895366193061491,0.19435055753002375,1.877639174686525,0
2014-09-08,1.9835535182939532,1.8227825731788476,1.9775209483210217,1.817331154580223,1.8991001099700031,1.8933728203714404,0.21705144750809674,1.8672296926896406,0
2014-09-09,1.9795538602103049,1.8241895475216916,1.97274006774663,1.8180321659860745,1.8979405703893912,1.8914715923453609,0.2066813175466854,1.865756663135084,0
2014-09-10,1.9809436302783432,1.8201980294454863,1.976946881398398,1.8165863098506985,1.8965035353737791,1.892709043409179,0.23767143901285523,1.8809781775169891,0
2014-09-11,1.9813188873263219,1.8188589874761019,1.9792834467660931,1.8170196323461631,1.8959782665537346,1.8940458301955325,0.19764392278257878,1.8827457189392844,0
2014-09-12,1.9813199831607444,1.8174996061401698,1.9803530902875788,1.8166258594923395,1.8952647000845855,1.8943467371732137,0.2494518250999613,1.8784249053906095,0
2014-09-15,1.9820648656504214,1.815902007977358,1.9828747164829645,1.816633841327066,1.8947790712098243,1.8955479392495527,0.21122142977693126,1.883629568019742,0
2014-09-16,1.9796190651690142,1.8207534816254358,1.9821853425942078,1.8230725351213262,1.8961665483848242,1.8986029584174118,0.22025882454103787,1.894922899097084,0
2014-09-17,1.9785054999233849,1.823363425740573,1.9825136081405217,1.8269854103637506,1.8970089525851526,1.900814229043598,0.2760909919776937,1.8933517511661548,0
2014-09-18,1.9776917882656064,1.8298907677853737,1.982203884440503,1.8339681883734456,1.9000515161108538,1.9043352760350907,0.25480890762325026,1.902680990591216,0
2014-09-19,1.9770565590394849,1.8357474136713052,1.9821546652270328,1.8403543906335729,1.9028264862788689,1.9076666009681846,0.7611677200223569,1.9051359876026024,0
2014-09-22,1.9827695960787388,1.8361880824158798,1.9859490744321506,1.8390612637477974,1.9057699341233463,1.9087885138305125,0.28530891267896297,1.8963959286516396,0
2014-09-23,1.9895380432560392,1.8331469154663729,1.9891548667300931,1.8328006524889897,1.907385364710749,1.907021578970789,0.28391591996255977,1.8817637514824537,0
2014-09-24,1.9913525332147899,1.8329599279776012,1.989952437382952,1.831694711247122,1.9081484732024956,1.906819229724068,0.26506731866453226,1.8885397187811352,0
2014-09-25,1.9783353023864634,1.8396103265768853,1.973326431425181,1.83508398830995,1.905462700820376,1.9007073055765882,0.3569714620225136,1.8561327551036648,0
2014-09-26,1.9743472449033312,1.8409124763743925,1.9673375917483475,1.834578102508785,1.9042536033991524,1.8975986762645796,0.21444598801245301,1.866444118724176,0
2014-09-29,1.968359098971907,1.8422297271090762,1.9601385240768818,1.8348010864011837,1.9021030019143912,1.8942984321701954,0.20089429392532687,1.8623195419282474,0
2014-09-30,1.9636663292771397,1.8405652345008934,1.956229618122857,1.8338449435335338,1.8990009942887793,1.8919406205786438,0.25216908572244534,1.8641855152041555,0
2014-10-01,1.9496552760475914,1.842604689573837,1.9410150753950304,1.8347968480163306,1.8934213160847793,1.8852183558955151,0.32015132282517833,1.838063456727641,0
2014-10-02,1.9400607643388703,1.8383702380483185,1.9322740782462653,1.8313336871956392,1.8866424583548842,1.8792498203141226,0.1963197370832089,1.8355101846012616,0
2014-10-03,1.9410391570667893,1.8274302836109642,1.937013179615673,1.8237921511975588,1.881360111376541,1.8775378699631322,0.26411281654413343,1.8527939090118204,0
2014-10-06,1.943692984924522,1.8173534749707998,1.9431425252071337,1.816856044132098,1.8773265017647054,1.8768038982594049,0.1805322670794101,1.8564274237100236,0
2014-10-07,1.9341355999073213,1.814840050549211,1.9328017113013034,1.8136346629303408,1.8714693281257055,1.87020294143261,0.25721657777243984,1.823725791426194,0
2014-10-08,1.939451741846864,1.8044704362073158,1.9424362779994155,1.8071674552163435,1.8685457002538697,1.8713792028804022,0.2566576543449494,1.8595698763105017,0
2014-10-09,1.9341309674529967,1.8043922348495827,1.935252819775548,1.805406012832019,1.865978863525616,1.8670439441076732,0.22575343889168253,1.8306983089548616,0
2014-10-10,1.9293658985997237,1.800906397059029,1.930132886745235,1.8015994969252762,1.86188577817784,1.8626139526122383,0.4376972190373972,1.8258862765698414,-1
2014-10-13,1.9155893707796974,1.8018094755952816,1.9143530863137836,1.8006922893610708,1.855820486917094,1.8546467650714689,0.3092738130440183,1.8022193718433335,-1
2014-10-14,1.9083691641822433,1.7969576127206364,1.9070928947207477,1.795804293470222,1.8498443776242286,1.848632694238112,0.33747794907738177,1.8049690374610792,-1
2014-10-15,1.8926455372341566,1.8009408758748704,1.8879534105704827,1.796700768146949,1.8444728328599898,1.8400181529546462,0.5929575812549627,1.7848375290564016,-1
2014-10-16,1.872299305354498,1.8059884542021878,1.8639383677921106,1.7984329727516528,1.8374660375357064,1.8295282082274416,0.4796939148208588,1.7660807750912868,-1
2014-10-17,1.866714965168335,1.798545219965101,1.8604189195127936,1.7928557077773577,1.830905215322886,1.8249277833234463,0.3740659365231017,1.7877835881655135,-1
2014-10-20,1.7983957379620834,1.8226631390601624,1.784371395978578,1.8099898407701467,1.8111434687938566,1.7978288336832449,2.013543144589191,1.6606108872056382,0
2014-10-21,1.7230842352221019,1.8483076442207989,1.6980316440799568,1.8256685100029058,1.7888644275591707,1.7650796318072324,1.8014360197088946,1.6029657141321108,0
2014-10-22,1.669728609162256,1.8445083869576424,1.6424998658440038,1.8199027415348237,1.761540894835858,1.7356900718717974,0.9531622332176438,1.58882459906065,0
2014-10-23,1.6321381044075038,1.8327452684314836,1.6056256672510472,1.8087869233715688,1.73751758528259,1.7123468195492366,0.6534588432512852,1.5926545072502194,0
2014-10-24,1.6066044654460914,1.8108225811635448,1.5846818597658756,1.7910119033145209,1.7138807889228593,1.6930675845921888,0.5720022685763944,1.5916723830547685,0
2014-10-27,1.5880529736422264,1.786741010580112,1.5717172352103983,1.7719789856538997,1.6924243319158598,1.6769152694059748,0.4290038593584572,1.5896101730261143,0
2014-10-28,1.5857012222636753,1.750755943995234,1.5798155317434905,1.74543725512607,1.6724049099244727,1.666817066891094,0.6789028067590687,1.606599228830314,0
2014-10-29,1.5897601874842509,1.7125812370165958,1.593998923278847,1.7164116315663482,1.654278413955488,1.6583026469998416,0.40752398565755954,1.6052244743907513,0
2014-10-30,1.6026655347583518,1.6716949815545359,1.6174256053695293,1.6850331315980214,1.6389268881545183,1.6529400200808386,0.33501010361580463,1.6139645333417139,0
2014-10-31,1.6649709696101802,1.5820924534186653,1.6936290518726465,1.6079897415309496,1.6214346629461007,1.6486424926427397,0.5002794617137453,1.614455438700819,0
2014-11-03,1.6816817039069412,1.558048839464291,1.711508323014578,1.5850020926991557,1.616737028887713,1.6450542612019612,0.40312995475260427,1.6140626517180867,0
2014-11-04,1.6808830456200348,1.5576763115833714,1.7049772680722997,1.5794494021542294,1.6161622180450714,1.6390371436995608,0.3651833369956423,1.597269989405253,0
2014-11-05,1.6809920097168243,1.5576344254182795,1.6982940873619061,1.5732696966695818,1.6161919400950264,1.6326184398745303,0.35295582860788605,1.5891191109283889,0
2014-11-06,1.6785151066949757,1.5585143233800698,1.6903539317708738,1.5692126478908839,1.615478373625877,1.6267180906984742,0.3497657149842365,1.5855838713451789,0
2014-11-07,1.678487138885219,1.5585207466616469,1.6864092819951466,1.5656797051957723,1.6154684715485639,1.6229897117555407,0.30051164634804495,1.5915742646783957,0
2014-11-10,1.6814518927600957,1.5588979615142946,1.6871649624466183,1.5640606590849975,1.6170739842406385,1.6224979419797618,0.42634677404836074,1.6055189862584902,0
2014-11-11,1.681318683025014,1.5584523496559612,1.6865605039549876,1.5631891965117022,1.6167766688329968,1.6217532255284801,0.3039167305207294,1.6036531697212022,0
2014-11-12,1.6785951109641164,1.5580081096927947,1.68218353082029,1.5612508368938707,1.615250436031489,1.6186572626095075,0.29048538705837834,1.5901012351238397,0
2014-11-13,1.679052661067603,1.5546514723683773,1.683252704893433,1.5584469023642005,1.61370438325734,1.6176918823539304,0.27857601864185144,1.5986449005834362,0
2014-11-14,1.6795580162910726,1.5537420038310314,1.6857768368803396,1.5593617304772132,1.6134665277676237,1.6193706427030576,0.42808371964321956,1.6120985600658053,0
2014-11-17,1.6800027081287285,1.552962815786381,1.6878770539050176,1.5600785815726839,1.6132683122231908,1.6207441738977983,0.41264883422252224,1.6120985600658053,0
2014-11-18,1.6784105339475712,1.5529677546579024,1.6839535400164656,1.5579767717951831,1.612515105808758,1.6177776060608222,0.4652048998159145,1.5898065665174805,0
2014-11-19,1.6771230241446327,1.55339544000592,1.6796435027087577,1.555673106702462,1.6121285926152205,1.6145215214545854,0.32697883678654954,1.5852892027388195,0
2014-11-20,1.6737302445826112,1.554914330093107,1.6728012522403748,1.554074832805024,1.6113159262828625,1.6104339459324133,0.3596973543496434,1.5775312679833078,0
2014-11-21,1.6704197587970735,1.5557362545550368,1.6677000219758895,1.5532785252693604,1.6101762066748924,1.6075941031142724,0.3505653396612771,1.5802809336010535,0
2014-11-24,1.6699913815863536,1.5535952646341102,1.6685575928522713,1.5522996008280465,1.6088481894178175,1.6074869580785887,0.5691560256244894,1.59235983864386,0
2014-11-25,1.6691343219100025,1.5514643239159862,1.6684755716997504,1.5508690348162941,1.6073219566163102,1.6066965426975068,0.3493185104768754,1.5885299304542906,0
2014-11-26,1.669179245224781,1.5514803091244045,1.6681686221816354,1.5505670450796736,1.6073516786662656,1.6063921985659027,0.34102927898877855,1.5903957469915788,0
2014-11-28,1.668904353735274,1.5505589805817341,1.6686962273059105,1.550370904141181,1.6067372120603254,1.6065396179438167,0.20684466228126747,1.5925562321352262,0
2014-12-01,1.670799706706688,1.5439032110493929,1.6722578785649533,1.5452209090162308,1.6041406374641014,1.6055250180107397,0.35843326175595014,1.5863694453106432,0
2014-12-02,1.6761051511070943,1.5362977764072687,1.6803890487327537,1.5401689820950455,1.602663962503206,1.6067310719479098,0.29800935627459574,1.5974663828966194,0
2014-12-03,1.6694863018980073,1.5472408815781915,1.675575406309699,1.5527433883353128,1.605270454994758,1.611051418086463,0.5528268956024918,1.6156339563876359,0
2014-12-04,1.6690634833835125,1.5525660042870921,1.6752487982899362,1.5581554530411932,1.6078670454089967,1.6137393502287254,0.3318629018952511,1.6110184742326021,0
2014-12-05,1.6738261105578198,1.5532240445572272,1.6781020079558957,1.5570880207243123,1.6104735220825341,1.6145330361540502,0.2591254998065265,1.6033585011148428,-1
2014-12-08,1.6770244452947987,1.5521072507875915,1.6783269478946514,1.5532842759906897,1.6114051082507432,1.61264169723781,0.24515241411926567,1.5895118979111211,-1
2014-12-09,1.6780208586934688,1.5527916020172812,1.678961273444274,1.5536414213291108,1.612237594555743,1.6131304192796647,0.33201769713189827,1.600608835497097,-1
2014-12-10,1.6730474029548055,1.5549276403097112,1.671006887875695,1.5530836995178183,1.610998775084564,1.6090615210053343,0.3502128372848866,1.576254631920118,0
2014-12-11,1.670571172096968,1.5555050862535333,1.6670055820200649,1.5522829895107655,1.6101266488342805,1.6067414967263367,0.34305863385435126,1.5817539631556095,0
2014-12-12,1.637604958715835,1.5724851505028759,1.6283284872332382,1.564102333660842,1.603397348944997,1.5945903166400202,0.7405047344077915,1.5258764882429972,0
2014-12-15,1.6049759473076453,1.5859720679469351,1.5896765268513764,1.5721465266605983,1.5949931585503854,1.5804679707719758,0.5589492403976601,1.5030934325969467,0
2014-12-16,1.5738962939634142,1.592814004412365,1.5550488348693068,1.5757822269935438,1.5838338179604003,1.5659401413162217,0.58322373123601,1.4868899507582116,1
2014-12-17,1.5553404834071622,1.5858293413463727,1.5381025252182645,1.5702520125636268,1.5713563621906548,1.5549907370791802,0.44120555483898705,1.4919964950109708,1
2014-12-18,1.5563015072108366,1.5729429420787897,1.5471903576198638,1.5647095207412922,1.5650432975448638,1.5563932209576925,0.6279203420259531,1.5484631503976813,0
2014-12-19,1.558871879742166,1.5616397688949015,1.557513599609498,1.5604123395222473,1.560325859331849,1.5590363154540872,0.762276935172692,1.5566140288745456,0
2014-12-22,1.5593537474513048,1.5604119500044022,1.566272760551342,1.5666644156810399,1.5599096240883563,1.566478498040581,0.4026398383421471,1.5853874778538128,0
2014-12-23,1.5606487973134064,1.557826687697765,1.5762827172446034,1.5719545042444032,1.5591663355692518,1.5740090953562875,0.3476761848062762,1.5932436877243177,0
2014-12-24,1.5594159056785521,1.561412296178488,1.5793750009680425,1.5794486196295319,1.5604646149583565,1.5794136730482158,0.16063462594343506,1.5891191109283889,0
2014-12-26,1.558033002954451,1.565058003185201,1.5823109444503716,1.5869971141115626,1.5617232544021775,1.584772601932005,0.16442665710438206,1.5942256551811482,0
2014-12-29,1.5631120773139513,1.5701467346293092,1.5831798847235998,1.5882812973509104,1.5668074016541027,1.5858596704481582,0.2864955665509772,1.576254631920118,0
2014-12-30,1.5772769872698478,1.5705340744362477,1.5901117767247093,1.5821324164791268,1.5737349170878188,1.5859201974035726,0.24333802980272773,1.5717372681414572,0
2014-12-31,1.6050634985774035,1.5624608179566983,1.6092643590786593,1.5662569859530133,1.582684196275117,1.5866724707189797,0.3449761053863728,1.5755671763310266,0
2015-01-02,1.645851285959484,1.5447140735304072,1.643200590379544,1.542318734355128,1.5927236372297735,1.590207081053539,0.4751279074766757,1.5914759895634025,0
2015-01-05,1.653890408181213,1.5409019786772205,1.647535672874451,1.5351594307422507,1.5945372833616092,1.5885041317218693,0.4196568741210561,1.5664343303973318,0
2015-01-06,1.6395983224067652,1.5492137961106671,1.6277940345646846,1.5385466816678046,1.5921190885191616,1.5809121609112362,0.5285437730594962,1.5326524555416783,0
2015-01-07,1.619733635286106,1.5551091193977458,1.6061211479460227,1.5428079994783341,1.5857862039007289,1.572862581381098,0.40429942742203784,1.522635760527526,0
2015-01-08,1.6174605450905477,1.549956238355799,1.607294822080515,1.5407698365844114,1.582000351855923,1.5723490689170634,0.36431490530156835,1.555730179794088,0
2015-01-09,1.6170444687880692,1.545219422475254,1.610574733096377,1.5393729527888464,1.5793145794738037,1.5731722470849971,0.3859409425344674,1.5625061470927692,0
2015-01-12,1.6127441214599525,1.5379742806988033,1.6080751282586474,1.5337550778567883,1.573467323730132,1.569034606609969,0.360084301337906,1.5362859702398817,0
2015-01-13,1.6091683716109837,1.5342249502391314,1.6054982306351957,1.5309083745732444,1.569800391521177,1.5663159793502104,0.3764134313599037,1.5399194849380848,0
2015-01-14,1.6036639410961075,1.5311808637899287,1.6001704803652212,1.5280239477678406,1.5655883863375504,1.5622717134441124,0.4033105628964778,1.530001065038926,0
2015-01-15,1.5965738149918005,1.5265133265267041,1.5933881265659815,1.5236345333735608,1.559770852643834,1.5567463771272099,0.3653123193250632,1.517922003257499,0
2015-01-16,1.6047422463002075,1.509849512314694,1.6068085913315098,1.511716794714295,1.55489483883167,1.5568566157290655,0.4949481920976826,1.543160212653556,0
2015-01-20,1.6074622089121589,1.5025617641513196,1.6119352986620288,1.5066039360225407,1.5523577241533717,1.5566044515867574,0.7216819460169903,1.541294396116268,0
2015-01-21,1.5911764367439378,1.5097698000556363,1.5903627102478703,1.5090344644068563,1.5484133123274313,1.547640764753526,1.0230104804513676,1.49356779968052,0
2015-01-22,1.5919189372171954,1.5097403088414143,1.58928875735604,1.5073635089904112,1.5487502834983717,1.5462532048355901,0.5262565357417927,1.5259747633579903,0
2015-01-23,1.5921898194244979,1.5046845576329935,1.5919367717932547,1.5044558875024376,1.5462230708973868,1.5459828288325845,0.41573586063068824,1.5306883638893969,0
2015-01-26,1.5960404724545572,1.4960165892877915,1.599355126856739,1.4990119243998825,1.543497658569984,1.5466445736933274,0.6782837080191907,1.5355003962744174,0
2015-01-27,1.5909990773443905,1.4953463175277377,1.5926700250942554,1.4968562934885332,1.540752426269939,1.5423388151076125,0.4866589606095858,1.5090838259301635,0
2015-01-28,1.5788529258584032,1.496398618259457,1.578280334950929,1.4958811882526084,1.5355394571048497,1.5349958423663015,0.3865944036795066,1.4882648619363945,0
2015-01-29,1.5787792839380606,1.4958614164007034,1.57967164453942,1.4966678108894138,1.5352223059065513,1.5360695082785532,0.7154907942047886,1.5268584556998275,0
2015-01-30,1.5761880761914893,1.4958258216965803,1.5752024051001763,1.494935105841908,1.5339735685400437,1.5330377776890116,0.564392311140563,1.5055484296083332,0
2015-02-02,1.5771565385063537,1.4902717642652137,1.5787092610480573,1.4916749043166888,1.5315157337523124,1.5329898802110282,0.40519367202333817,1.5188058523379566,0
2015-02-03,1.5734276489823709,1.4965091333438703,1.580583691448014,1.5029757940149937,1.5330221465811782,1.5398160549426645,0.4763231108466247,1.5562212418918133,0
2015-02-04,1.580639650244048,1.4991798570121417,1.5857287623999792,1.5037787063884132,1.5378486025527303,1.5426801783566357,0.3163076658497786,1.5413925144926408,0
2015-02-05,1.579647437151449,1.5048308082149535,1.5863773215337542,1.5109123650063225,1.54034606146773,1.5467353776290436,0.45174774344633717,1.5507217539177016,0
2015-02-06,1.5798235194393786,1.5062753437924932,1.5869022535019246,1.5126721436135366,1.5411884656680588,1.547908977846007,0.28002063717270737,1.5390356358576274,0
2015-02-09,1.5795404452282837,1.5053802900278968,1.5864263250168793,1.511602814311225,1.5405839169574467,1.5471213343213785,0.26292616267211927,1.5295100029412005,0
2015-02-10,1.5826066845993787,1.5118351517287856,1.589042493876976,1.517650963323267,1.5454302087196554,1.551540331552761,0.381839320900226,1.557105090972271,0
2015-02-11,1.5996115304542078,1.509014662610209,1.6022304736042663,1.5113813082456564,1.5520207529824315,1.5545071635719248,0.3118534596324357,1.5535696946504405,0
2015-02-12,1.601869170078427,1.5127099229859764,1.6044788358854865,1.5150681850170233,1.5550335786401628,1.5575111813699383,0.2866073676778174,1.5567121472509184,0
2015-02-13,1.6129322813744569,1.516088930744551,1.6142978335801694,1.5173229316305776,1.5620602097551026,1.5633566577000357,0.31874969840412937,1.5751743893482943,0
2015-02-17,1.6205426444452755,1.521097600942868,1.621432156390763,1.5219014212027384,1.56830389658764,1.5691483944610247,0.24889290167247088,1.5806737205837857,0
2015-02-18,1.6157940193215898,1.5324070730068478,1.6201260618401279,1.5363217855193516,1.5719906329512217,1.5761034508991745,0.3747710234825936,1.5927526256265923,0
2015-02-19,1.6131967372168805,1.5478286169659037,1.6195150277378823,1.55353823104618,1.5788586884670126,1.584857239622491,0.30133708393231196,1.609447169563053,0
2015-02-20,1.6135649994097396,1.558325199407158,1.6209798100081838,1.565025699622325,1.58454738442955,1.5915869658693562,0.2883185003654499,1.6070902909280393,0
2015-02-23,1.6219002776882399,1.5624712563308558,1.6272485511179546,1.567304300518673,1.5906820535035495,1.595759675631717,0.23340639043732078,1.5998232615316328,0
2015-02-24,1.6365569132742455,1.5663573423380124,1.6396668282133018,1.5691676616902923,1.5996808905314597,1.6026334271058869,0.40428224621945724,1.618678290611741,0
2015-02-25,1.6447304068572688,1.5669894915671112,1.6454936427715072,1.567679200675615,1.6038928957150866,1.6046175078012257,0.34434845714855994,1.5988412940748022,0
2015-02-26,1.6543915528681123,1.5632964061186105,1.6503953915590897,1.5596852174907356,1.6065390281519223,1.6027450940240067,0.611445048471954,1.579789871503328,0
2015-02-27,1.6671421407904907,1.5582265040528949,1.6599930867405823,1.5517661585641371,1.6099284649258772,1.6031411913288325,0.37920804849735584,1.590297628615206,0
2015-03-02,1.667471635580704,1.5580796736515463,1.6578093761143247,1.5493482339507052,1.6100077448164447,1.600834447467435,0.5088696519704907,1.5759599633137586,0
2015-03-03,1.667702429405914,1.5580031855645877,1.6570230553205254,1.5483526156131437,1.6100771226296982,1.5999381821129945,0.2781202646365555,1.5813611761728772,0
2015-03-04,1.658930308389747,1.560704237913761,1.6473143523095923,1.5502073121755933,1.6073318903296536,1.5963037638870683,0.31244682767179827,1.5655504813168741,0
2015-03-05,1.6578353568993212,1.55658089735838,1.6492566566566895,1.5488286315306232,1.6046461179475342,1.5965015459178233,0.3260415158687313,1.5828342057274332,0
2015-03-06,1.6486603479631732,1.5551557855141687,1.6405415265164798,1.547819095772979,1.5995421507229672,1.5918341851572337,0.39040369824974513,1.5565157537595524,0
2015-03-09,1.6478749525479077,1.5518281068543138,1.6422761671849206,1.5467686839558732,1.5974212871061761,1.5921058302912694,0.4466141809700178,1.5788079040464977,0
2015-03-10,1.6451572659751357,1.5410397081171305,1.641502655096239,1.5377371664466073,1.59046403380449,1.586994365824273,0.39563179844361324,1.549739786460871,0
2015-03-11,1.6357743347689169,1.53817998312121,1.6320715160122994,1.5348338777088013,1.5845077603022812,1.5809923240213437,0.49098410229079686,1.5398213665617122,0
2015-03-12,1.6315992913269932,1.5365004066511783,1.627980382922597,1.5332301280351046,1.5816435923483707,1.578207820106084,0.39273401188396656,1.551409209506793,0
2015-03-13,1.6142138342421615,1.5377593109921648,1.6091689359833559,1.5332004161397843,1.5740520682861172,1.569262468919162,0.5214411954434135,1.5150742192633804,1
2015-03-16,1.6110902219711325,1.5341674187719416,1.6071998252694764,1.530651805852307,1.5706824673028188,1.5669889455262531,0.32242146114701214,1.542571032179458,0
2015-03-17,1.6098697648172429,1.5275916333788504,1.6080409168124314,1.5259389685822178,1.5666488418729683,1.5649125433795719,0.28476717045405314,1.5413925144926408,0
2015-03-18,1.6096415539664592,1.5285336507941822,1.6110254034681337,1.5297841862948023,1.5670353550665055,1.568349174366154,0.4934692111616655,1.5693803895064435,0
2015-03-19,1.6119525891130304,1.5238605405864973,1.6177282309608862,1.5290797823905167,1.565677599941461,1.5711609633551757,0.3335139414772069,1.5693803895064435,0
2015-03-20,1.6053985911991981,1.5380466630734901,1.6148519625054087,1.546589337984783,1.5700184428562665,1.5789934229056235,0.7744442682480607,1.5995285929252734,0
2015-03-23,1.5968290553723876,1.5530731001789635,1.612324463287143,1.5670757483502742,1.573843934846356,1.5885551920673873,0.5099187740151492,1.6167141989594596,0
2015-03-24,1.597452738250371,1.5623012019273472,1.6126769333272732,1.576058764717951,1.5789875420162067,1.5934413112226433,0.3737134341467112,1.6007071106120905,0
2015-03-25,1.6022973487269796,1.5624512401284347,1.6120147334174406,1.5712324945306655,1.5813660810953558,1.5905917140366452,0.46682141257928733,1.5633899961732267,0
2015-03-26,1.6057596724131677,1.5642466178790082,1.6129349328617122,1.5707306451567165,1.5839527536142661,1.5907649074257133,0.3780042134227611,1.5770402058855824,0
2015-03-27,1.6254447288524172,1.5580042124970064,1.6260200500598108,1.5585241097786362,1.5900180448750123,1.59056425174567,0.2990583961125433,1.5751743893482943,0
2015-03-30,1.6356231059383723,1.5593527190674217,1.6344985764046942,1.5583365217846545,1.5955580673157137,1.594490445003762,0.35581925276237153,1.5974663828966194,0
2015-03-31,1.6486664662176813,1.55424463250705,1.6431115333392992,1.5492248375368796,1.5990664239255197,1.5937926004244534,0.3659142368623606,1.576156356805125,0
2015-04-01,1.6466310140251172,1.5548954097270153,1.6386270094095448,1.547662475866224,1.5984420552422658,1.590843096160596,0.318225219588511,1.5631936026818607,0
2015-04-02,1.6482055814631094,1.5546799678744612,1.6394020503520081,1.5467245303995591,1.599076326002833,1.5907183007516594,0.4017025996310398,1.5756652947073995,0
2015-04-06,1.6485164539276238,1.552814268976984,1.6435000253692111,1.5482811011787307,1.598243839697833,1.5934812693118374,0.29800935627459574,1.5912795960720363,0
2015-04-07,1.653824843200736,1.5431874518421518,1.6539188228584372,1.543272377911171,1.5957067250195345,1.595795948802838,0.27069091534459777,1.5915742646783957,0
2015-04-08,1.655520099291831,1.5394858656794832,1.6583917648117326,1.5420808875183452,1.5945670054115644,1.59729334926443,0.2170600792127425,1.5894137795347483,0
2015-04-09,1.6604608064953235,1.540945186336854,1.6622751173432688,1.542584714422654,1.5976789309325046,1.5994014279270892,0.19463433509609185,1.5942256551811482,0
2015-04-10,1.6611164739733228,1.5446353593121052,1.663364842429132,1.5466671297965846,1.5999286322804747,1.6020632212414767,0.21632054764137848,1.5993321994339074,0
2015-04-13,1.663708489533864,1.5460285849807265,1.6652728577329712,1.5474422487979678,1.6018909202981164,1.6033761230815522,0.3326797899815832,1.5946184421638803,0
2015-04-14,1.6639249657514263,1.54513490231135,1.666855194178833,1.5477828453636577,1.6015242270772212,1.604306170240583,0.23382778203745552,1.593832868198416,0
2015-04-15,1.6642753487601316,1.551666809822128,1.6676910778233136,1.5547534825049887,1.6051217814729222,1.6083646563376732,0.3008555992265006,1.6118040481980664,0
2015-04-16,1.6760419935762887,1.54848596752246,1.6769339660523583,1.5492920112761712,1.6090364712489074,1.609883305136839,0.269736413224199,1.6019837466752802,0
2015-04-17,1.6772186921021364,1.547837693427,1.6745207360631797,1.54539964665837,1.609254506765982,1.6066930817632668,0.37098754181958143,1.5778257798510469,1
2015-04-20,1.6699702272180283,1.5621608533784088,1.6706420356127754,1.562767942694284,1.6133376742184298,1.6139754855076027,0.8262779834726696,1.6317391631113778,0
2015-04-21,1.6714023556055233,1.5649984439843818,1.672457837683833,1.565952245541269,1.6155080956758325,1.6165101647037423,0.8326755563359712,1.6130806842612562,1
2015-04-22,1.6730027153988878,1.5701743784325704,1.6746662923318016,1.5716776936486427,1.6189867144176682,1.6205661054412348,0.3460854027434188,1.623882953240873,0
2015-04-23,1.6607232068956055,1.5961754438222415,1.6668975786705207,1.601755003658203,1.626816093969638,1.632678009438966,0.7081646143350254,1.671805943167987,0
2015-04-24,1.6583877823457907,1.6113415062046954,1.6669033535781963,1.6190367245946264,1.6336742474081154,1.6417588850938805,0.3343565602640545,1.6672887361279467,0
2015-04-27,1.6599485354839922,1.6256846333908126,1.6693765454494776,1.6342043901618872,1.641949615889563,1.650900518017969,0.2724623055513288,1.6766179755530075,0
2015-04-28,1.6596835816619568,1.6478469124874384,1.6709143589988942,1.657995765915796,1.6534657476231296,1.6641281874314091,0.500167660586905,1.7079446966586542,0
2015-04-29,1.660541344853691,1.6664476527198764,1.6733619469268688,1.6780331741312962,1.6636439442042938,1.6758157550959196,0.38852913862081967,1.712658453928681,0
2015-04-30,1.6732758157841512,1.6703350035161968,1.681747851108801,1.6779908800570797,1.6717309992186218,1.67977430414691,0.4353497242005952,1.6821173067884987,0
2015-05-01,1.7021719605306207,1.6687489968815652,1.705002089259304,1.6713064834017834,1.6846147881545468,1.687301697200461,0.2848016150659253,1.7054895429086474,0
2015-05-04,1.7117838791197026,1.6747977567537435,1.7135176964527803,1.676364545717414,1.692354969920621,1.6940010468036246,0.3463605486048411,1.7084356020177591,0
2015-05-05,1.736434241849008,1.6691623098163857,1.7330452407761798,1.6660997902663313,1.7010961156681583,1.6978786162141908,0.30900729888724177,1.6996955430667966,0
2015-05-06,1.7598465610331666,1.6568538080657271,1.749152534811284,1.6471899975004562,1.7057441918859342,1.6955913407093763,0.31064107505990607,1.669940126630699,0
2015-05-07,1.7620190895050787,1.6563055734625651,1.750355087536269,1.6457652303662607,1.7064874962230534,1.6954137552712987,0.21256287888559267,1.679171247679387,0
2015-05-08,1.769228513780863,1.6552619382924456,1.7575917799841136,1.6447462364719136,1.7093615662542774,1.698313713558923,0.2659272008606714,1.6957675165008543,0
2015-05-11,1.7705031638559348,1.6548458738224257,1.7579976395076562,1.6435450769276272,1.7097480794478148,1.6978754016594353,0.22881465239262222,1.680447883742577,0
2015-05-12,1.7664413354801063,1.6521583948837266,1.7559941261652396,1.642717623965472,1.7064082005144716,1.6964896759865302,0.25473146890157117,1.6748502773920921,0
2015-05-13,1.768276421602497,1.6465003808660714,1.7621315454070068,1.6409474751345756,1.7043071410523072,1.698473228527993,0.21131604970119094,1.6918393331962918,0
2015-05-14,1.7687414565167856,1.6512872960889513,1.764784296360682,1.647711351413711,1.7070424712750385,1.7032855646326632,0.2097338993429793,1.709221332721844,0
2015-05-15,1.7690809793896485,1.650206959388396,1.7681996360621073,1.6494105208175895,1.7066361381088597,1.70579939547757,0.2507932742086227,1.701463241227712,0
2015-05-18,1.7700857597132704,1.6475821286045182,1.7719411528288516,1.649258781272191,1.7057342739906058,1.7074957742698886,0.1694484184538611,1.6994991495754306,0
2015-05-19,1.7697603508510116,1.6486308607445852,1.7734572703810825,1.6519716352360998,1.7061307050794714,1.7096405406663446,0.21694827808590222,1.7036237263713594,0
2015-05-20,1.7763268100070018,1.6496964439672888,1.7785306852307674,1.651688007502862,1.70980753936574,1.7118998866907176,0.19779871801922602,1.706373391989105,0
2015-05-21,1.7808450082149057,1.6500471078126127,1.7817456893190322,1.6508610212432893,1.7121365206042773,1.7129916224170094,0.19739458982838282,1.7022488151931763,0
2015-05-22,1.780112849909799,1.6498408697224034,1.7803088511457292,1.6500179890575621,1.7116806295974862,1.7118667121203388,0.24504061299242538,1.6912501527221935,0
2015-05-26,1.7755042111979789,1.6521377333496603,1.771797451210594,1.6487880663873975,1.7106994697706506,1.707180291706347,0.3314157795946009,1.6707257005961633,0
2015-05-27,1.7806467491622777,1.6502262373441032,1.7749368517429076,1.645066406438227,1.7121365047862622,1.7067155587805707,0.23770580141801645,1.689089667578546,0
2015-05-28,1.7792633311004364,1.6504010163861413,1.77319753951434,1.6449195765990854,1.711571611838949,1.7058127818189108,0.14887997055684443,1.6862418835844275,0
2015-05-29,1.7699938200025747,1.6504763047685758,1.7638332909743555,1.6449092541297115,1.7072109489515015,1.7013621757116912,0.35186379466013157,1.6660121000647568,0
2015-06-01,1.7649937768925414,1.6491837955840793,1.7592188262623438,1.643965178408836,1.7041584833484866,1.6986757761731115,0.25671782965733697,1.6712167626938887,0
2015-06-02,1.7593860852770604,1.6478178271502946,1.75384974389739,1.6428148326552627,1.7007789802878746,1.6955228074560373,0.22111007503253124,1.6660121000647568,0
2015-06-03,1.756984717390916,1.6432713936870011,1.7529598439106397,1.6396342588927193,1.6972508037054268,1.6934296103960162,0.18324089599724838,1.6686634905675093,0
2015-06-04,1.7520085533882253,1.6376180185642166,1.7488730048281287,1.6347845350216967,1.691918898886472,1.6889420258896217,0.26478354109846414,1.6535402513005977,0
2015-06-05,1.7453722033098895,1.6324083781106624,1.7427099470966723,1.630002592002891,1.686032003197517,1.6835044714180125,0.26660647491293693,1.6439163432691777,0
2015-06-08,1.7295813601567522,1.633697869440385,1.7255051703869007,1.630014361943149,1.6792135055223378,1.6753435928026525,0.3232039046214722,1.623686559749507,0
2015-06-09,1.7189145011601976,1.6349415498481237,1.7130959214407384,1.6296835066190245,1.6748032847942784,1.6692791563954041,0.2920073621042024,1.627025405841351,0
2015-06-10,1.7208137036211812,1.627414438198827,1.7191334564371976,1.625896058670673,1.6717508191912633,1.6701556015206813,0.4024678619029193,1.658843189044723,0
2015-06-11,1.7236355401004642,1.619336569427734,1.7255034961879656,1.6210245748056262,1.6688470112920695,1.670620438789558,0.29786319274259426,1.6574684346051605,0
2015-06-12,1.7210732723493625,1.6166335016936006,1.7227211787087866,1.6181226559706112,1.6662107809325473,1.6677752943976347,0.2635625248212888,1.639890041588242,0
2015-06-15,1.7184840476151302,1.6115776472936805,1.7203865468793558,1.6132968681099176,1.6623258290245326,1.6641320516288562,0.3650801675734478,1.6327212873068286,0
2015-06-16,1.7181191476349351,1.6066059022018868,1.7209160733660802,1.6091333843559525,1.6595409409611894,1.6621963272592046,0.2794445325426363,1.6384170120336863,0
2015-06-17,1.7206829894308708,1.5991007793315144,1.7253087438587773,1.6032809088342155,1.6568155286337862,1.6612071950942384,0.24618427275463262,1.6416577397491574,0
2015-06-18,1.7208142686992185,1.5987368831334794,1.7267731081424706,1.6041216740787847,1.6566866909026072,1.6623439811314777,0.2864181278292981,1.652263615237408,0
2015-06-19,1.7204251108623962,1.5983150292339625,1.7254001647406483,1.6028108082075603,1.6562803577364282,1.661003647222842,0.6082806655488198,1.639890041588242,0
2015-06-22,1.7261904851705103,1.5976141557271466,1.7289200619290506,1.600080777013704,1.6586489947382639,1.661240440282669,0.2008512998155199,1.6471570709846488,0
2015-06-23,1.7315877587243458,1.598283587877925,1.733141565847456,1.5996877080269833,1.6615627205327863,1.6630378966872763,0.31829402660554434,1.6558971299356113,0
2015-06-24,1.731422961804967,1.5947535519909073,1.7334297199584339,1.5965669878515498,1.6596301545650998,1.6615353600000555,0.3050948348948087,1.639693648096876,0
2015-06-25,1.7293630167948053,1.5915210919371798,1.7312042015233036,1.5931849049915623,1.6569542842602938,1.6587022951730352,0.20713698934527042,1.6309535891459135,0
2015-06-26,1.7243983123466993,1.5931209638251056,1.7242183876285373,1.5929583722663931,1.6554379693541148,1.6552671497910632,0.7692506126660648,1.6248650774363238,0
2015-06-29,1.7083187632184713,1.6014443933512867,1.7038868685175388,1.5974394479783833,1.6521773703113387,1.6479697532366144,0.2850251351128949,1.600412442005731,0
2015-06-30,1.6951796433694568,1.6054315757701936,1.6882339920545575,1.5991550380876638,1.6480347429409659,1.6414405788103283,0.309325438858471,1.5973682645202465,0
2015-07-01,1.6914568505699357,1.6037395026073928,1.685155302523033,1.5980450181045767,1.6453786926088017,1.6393960366684959,0.27640913194892297,1.6153392877812764,0
2015-07-02,1.6909166450396462,1.5982658747621161,1.6872906060762616,1.5949891525138822,1.6422469471152197,1.6388044051584483,0.24529857765126714,1.6212315627381204,0
2015-07-06,1.689240168563088,1.5955170207485292,1.6867801631005475,1.5932940014397792,1.6400071478445628,1.6376716318437148,0.2648265352082711,1.61769616641629,0
2015-07-07,1.689718802559471,1.589933956465428,1.6896448556508374,1.5898671332781558,1.6373015554898018,1.6372313506910903,0.305249547924745,1.620347713657663,0
2015-07-08,1.6913090045435275,1.5781958679970107,1.693062972396294,1.5797808662675432,1.6318903707802794,1.6335555784586717,0.23872911055544854,1.6022784152816396,0
2015-07-09,1.6929524477481936,1.5708244157254352,1.6961051808912069,1.5736734283634057,1.628798265231981,1.6317914531797455,0.3611247094712078,1.6090543825803207,0
2015-07-10,1.690551074150655,1.5746358369511393,1.6971590346923187,1.5806072155107644,1.6296604894049513,1.6359340517254544,0.39024035351516306,1.63949725460551,0
2015-07-13,1.6802764665139953,1.59131627844262,1.690974541004419,1.600983747283968,1.6335454413129662,1.6437021358939787,0.36364418074723764,1.663360552823384,0
2015-07-14,1.68221360831934,1.600206437271313,1.6922571880704105,1.6092824625304363,1.6391350215942793,1.648670342377751,0.2601401772393129,1.655798854820618,0
2015-07-15,1.6888671232078691,1.6052684944255353,1.696912833119475,1.6125391158767695,1.6449525394699807,1.6525910933361698,0.17180446278859796,1.6550132808551536,0
2015-07-16,1.6871510373001042,1.619101330451933,1.6964679158371456,1.6275206617097306,1.651404343924264,1.6602497384701542,0.30352978353246673,1.6792693660557598,-1
2015-07-17,1.684751336496391,1.6352687715054397,1.695788705331274,1.6452428485598862,1.6587580124968013,1.6692368313098727,0.3745990470433658,1.6940980934549323,-1
2015-07-20,1.686979970531917,1.6492724725465833,1.6982473056041367,1.6594543618980937,1.6671721207867412,1.677869268312953,0.6344039031088687,1.7010704542449797,-1
2015-07-21,1.6801512675866717,1.6518021017363458,1.6816082288364362,1.6531187057194046,1.6652593747916966,1.666642605993113,1.1825358090377565,1.601394566201182,0
2015-07-22,1.6676672828462795,1.6577819418489488,1.6572200079673562,1.6483411116827915,1.6624744867283534,1.652555899954248,0.6175502120645419,1.574683327250569,0
2015-07-23,1.6602434688182413,1.6604908660863558,1.6424886133561152,1.6444464356501693,1.6603734272661894,1.6435170626540097,0.4328818787390181,1.5882352618479314,0
2015-07-24,1.6400853879452133,1.6651231552515777,1.6182989364375802,1.6454355150783748,1.6532377942107268,1.6325538539217388,0.3248806749039435,1.5687912090323453,0
2015-07-27,1.6205017667017079,1.6633688447557242,1.5987391382907428,1.6437027326663787,1.6430199576842794,1.6223586349155796,0.3186895230917418,1.562113360110037,0
2015-07-28,1.6081422362010376,1.6583880320183115,1.588389121855374,1.6405378462089655,1.6345364873991004,1.6157829865132811,0.233973945569457,1.5717372681414572,0
2015-07-29,1.6011036612099543,1.6507118940242376,1.585424106771583,1.6365428391990107,1.6271629988539216,1.6122769139103692,0.29050256826095894,1.5819503566469755,0
2015-07-30,1.5999224623313817,1.63283737789218,1.591455280495522,1.625185887276231,1.6172127556851605,1.6091740586331158,0.17152068522252986,1.5806737205837857,0
2015-07-31,1.6118371754913863,1.6022229283813183,1.613632576366265,1.6038453681980493,1.606786785718952,1.608491329686462,0.30785500742038874,1.5907885339743109,0
2015-08-03,1.6503702696506413,1.5400267096124505,1.6604987561835969,1.5491794621059027,1.59240650184949,1.6020224326765948,0.39689580883059555,1.558578120526827,0
2015-08-04,1.6440601441053764,1.5354089853710042,1.6522170836394063,1.5427801210699172,1.586985399244639,1.5947295539181823,0.45234966098363455,1.547677576432217,0
2015-08-05,1.6382677563764418,1.5360210782162362,1.6432666515236833,1.5405384016953712,1.584557302324878,1.5893032265842846,0.2986199055165389,1.5506236355413288,0
2015-08-06,1.6283906694554007,1.53473991175143,1.6313618126314402,1.5374248280046547,1.579195675455968,1.5820164628623845,0.25837741873722764,1.535107609291685,0
2015-08-07,1.6149407598804162,1.538158930536574,1.614187841665016,1.537478545164984,1.5746070591561172,1.5738922426379536,0.32631666173015367,1.5233232161166175,0
2015-08-10,1.610578926645914,1.5377235460424292,1.608340131531951,1.5357004266459644,1.5723077999675352,1.57018229988597,0.3966980194841414,1.5393303044639868,0
2015-08-11,1.6031303540612325,1.5358891730105002,1.6000801108716043,1.5331327768926135,1.5678083814535801,1.5649124969182275,0.2723333232219079,1.5271531243061869,0
2015-08-12,1.6010975642639247,1.5284249585904184,1.5998858893173804,1.527330011102247,1.5629224497460876,1.5617720920462481,0.3061438747327563,1.533536304622136,0
2015-08-13,1.5985482521261727,1.519616318917844,1.5987098975207148,1.5197623921029282,1.5570850960797298,1.5572385613509112,0.21784252268720256,1.522832154018892,0
2015-08-14,1.6090821118008294,1.4983245827789398,1.6131412719964298,1.5019927012565344,1.550900884983133,1.5547546299163002,0.2774323588796442,1.5295100029412005,-1
2015-08-17,1.6120669544301738,1.491099316586421,1.6175536786876987,1.4960574738555794,1.548522330085969,1.553731396687982,0.1934391317261428,1.5350093341766917,-1
2015-08-18,1.6128877093044705,1.4873578531283607,1.6185830152646281,1.4925044982523084,1.5469465394438495,1.5523536323963731,0.17355004008810257,1.53206327506758,0
2015-08-19,1.6090491696985745,1.4833554688121564,1.613762105492874,1.4876143810101832,1.5430219317725362,1.5474963677549618,0.36170081410127886,1.511735216432916,0
2015-08-20,1.5971822608134405,1.487174024586274,1.5991004670725035,1.488907439254247,1.5393946395088647,1.5412157742498995,0.34494174298121155,1.4991652492923841,0
2015-08-21,1.5675245634193562,1.5021453559887148,1.5633440905611113,1.4983676115791615,1.5331806905442977,1.529211772019435,0.6330539045022725,1.4617500164771478,0
2015-08-24,1.5186329267446144,1.521272318245418,1.507759194698992,1.511446113928527,1.5200194061733727,1.5096959432509547,0.8761941449585461,1.4089168757886403,0
2015-08-25,1.474562622472925,1.5336463870746944,1.4572949180919805,1.5180421777177846,1.5055994823586267,1.489205616371859,0.6082118585317865,1.3842680036053019,0
2015-08-26,1.4646318910625264,1.524772758750754,1.4504752999198363,1.5119799516064245,1.4962240500325077,1.482783858279003,0.5350015212351854,1.4406363838770193,0
2015-08-27,1.4608198507978016,1.5158977628533805,1.4514378820527896,1.5074196118932153,1.4897524256055825,1.4808452347651193,0.42792900661328326,1.4587056822530426,0
2015-08-28,1.4589351216777986,1.5029416782597,1.4549306016611623,1.4993229361654996,1.4820518837847918,1.478250013944669,0.35051379605353533,1.4532063510175512,0
2015-08-31,1.461481708037745,1.4847548527168741,1.4638593498098087,1.4869034428924135,1.4737071533081054,1.4759644736626725,0.35195841458439125,1.4523225019370936,0
2015-09-01,1.4563897546943176,1.4642072598378146,1.460824291750532,1.4682145930130632,1.4604963110965683,1.4647064368092346,0.4533298938045488,1.4011587842945084,0
2015-09-02,1.4603408615370663,1.4438645054628292,1.4688516580874755,1.451555409142719,1.4516857875357778,1.459765892164047,0.3656219097983576,1.424432902038284,0
2015-09-03,1.468978224872677,1.4249657459891107,1.4826528382966757,1.4373230070375662,1.445858351764748,1.4588409564554607,0.30985854937873514,1.4414219578424836,0
2015-09-04,1.4663453747530264,1.417628718260386,1.4787531432167074,1.4288411766444318,1.440754384540181,1.4525342534156815,0.36124514230269383,1.4111754793086606,0
2015-09-08,1.4709567194065192,1.4205554103118225,1.4807042711834728,1.429363925635536,1.4444807766670615,1.4537350500785755,0.3382174806487458,1.4458412032447718,0
2015-09-09,1.4870131783336886,1.4137621298386975,1.4893884779971795,1.415908603534148,1.448534206251539,1.4507893030207806,0.29303067124163457,1.424432902038284,0
2015-09-10,1.4866688893261837,1.4131299269286979,1.4892101808025606,1.4154264015126663,1.4480386752994643,1.450451363806167,0.29766540339614006,1.4357262331156262,0
2015-09-11,1.488053477959741,1.4096713493052222,1.4937455115153635,1.4148150372737576,1.4468791357188524,1.45228312186805,0.2678619358019844,1.4472159576843344,0
2015-09-14,1.4883783711947236,1.4049818567022327,1.4948167370766585,1.4107999786089853,1.4445699586349419,1.4506825086945028,0.27745817178687054,1.4303250202565077,0
2015-09-15,1.4889463866710761,1.4037893808709037,1.4979493618444024,1.41192504884045,1.4442131833093748,1.4527605596842323,0.2336386243956471,1.4487872623538836,0
2015-09-16,1.4987610481141476,1.4057307084554682,1.5052436062368961,1.4115887653160741,1.4498919613765837,1.4560464673127087,0.24069820790192278,1.457429046189853,0
2015-09-17,1.501314391595732,1.4092530932844638,1.5068906688088284,1.4142921763696101,1.452954344874927,1.458248432572968,0.3442108431144933,1.4547776556871004,0
2015-09-18,1.4961920533949242,1.40959929153433,1.499145924077857,1.4122685992507968,1.4507046435269566,1.4535090325209958,0.6858248584379887,1.4191299642941588,0
2015-09-21,1.5050941730688991,1.4067996443728243,1.504800660210929,1.4065344072582855,1.45345979372233,1.453181134188161,0.3289049400232168,1.438475898733372,0
2015-09-22,1.4991079735038844,1.4069265478238153,1.497563928875159,1.4055312496931829,1.450684823554315,1.4492189158596682,0.3064706464086313,1.4183443903286945,0
2015-09-23,1.4938188331042144,1.409083714955833,1.488849723169771,1.4045933073125263,1.4493072484566285,1.4445896021186082,0.22994968045018369,1.4107826923259283,0
2015-09-24,1.489998374888732,1.4091590446834374,1.484331802059581,1.404038364666479,1.4475332580880913,1.4421534442161397,0.28206717324086067,1.4181479968373283,0
2015-09-25,1.4890416437441156,1.4063446515463125,1.4852281258017714,1.4028985112229735,1.4456006921204048,1.4419801586258705,0.2987574373438946,1.4280664167364874,0
2015-09-28,1.479731995075182,1.408852268009438,1.4735323741648234,1.4032498914291747,1.442498684494793,1.4366127976316068,0.3712369569804883,1.3995876363635795,0
2015-09-29,1.4728257880634719,1.4055467233307057,1.4671877745966944,1.4004518513922122,1.4374839150561214,1.4321312152897332,0.4096048841308741,1.399096574265854,0
2015-09-30,1.4764685573225724,1.395764831994864,1.4753042562586771,1.3947126945969395,1.4340746741275392,1.4329692929379692,0.33932669579908087,1.4236473280728197,0
2015-10-01,1.4811235323966365,1.3829740337396217,1.4828119523930148,1.3844997987472132,1.4295653377182558,1.4311683146131202,0.3337116486169502,1.410095236736837,1
2015-10-02,1.4811600440891879,1.3830731114954316,1.4831023326183224,1.3848282884530347,1.4296347155315094,1.4314787138506726,0.2626423851060512,1.4198174198832503,0
2015-10-05,1.4715903194846582,1.3965507455764243,1.4795927172769585,1.4037822274082612,1.432171830209808,1.4397692637820756,0.44127436185602037,1.4636158330144358,0
2015-10-06,1.4674942487164835,1.4084591159356397,1.4776070137305986,1.4175976614525312,1.4364829352566437,1.4460839401580265,0.25952107849943484,1.461062560888056,0
2015-10-07,1.465195793558952,1.4226672960048545,1.4765246656861615,1.4329047942009507,1.44285545982036,1.4536110302967493,0.25631370146649374,1.4739271966349474,0
2015-10-08,1.4601566439361346,1.442068896062796,1.473913492107767,1.4545004697234076,1.4506551015043598,1.4637157794237092,0.4122618872342596,1.495433616217808,0
2015-10-09,1.4582744068875573,1.4569197404270373,1.4736723435933499,1.470834307338826,1.457562796965434,1.472181515543108,0.3036330351613722,1.4965138587896316,0
2015-10-12,1.4706256339450325,1.4620212484180244,1.4819485037949003,1.4722533225698935,1.4661057271685385,1.4768555991149908,0.27753561050854963,1.4842384035168388,-1
2015-10-13,1.4883026317376202,1.459536684158168,1.4933048871853287,1.4640570442211378,1.473191802383389,1.477940916894048,0.33670405510085655,1.4693115577412932,0
2015-10-14,1.498652574454227,1.4596924868614423,1.5000691817748655,1.4609726244361956,1.4781867360314038,1.4795316554287994,0.2883185003654499,1.4731414659308626,0
2015-10-15,1.5200869778646315,1.4525862001017267,1.5162410580932468,1.4491107793996678,1.4846286384083738,1.4809773427910178,0.29891223258054184,1.4739271966349474,0
2015-10-16,1.5456012118423073,1.4404913055242092,1.5375055847266672,1.433175575673788,1.4903866963661498,1.4827007513739998,0.2995571442276462,1.4768732557440591,0
2015-10-19,1.546201324669531,1.4402886102342376,1.5371823852138304,1.4321385159113724,1.4905650919379405,1.4820025591589632,0.6840104741214507,1.465383531175351,-1
2015-10-20,1.4958171164708922,1.4704617164634224,1.4784090737918907,1.4547306883855426,1.4824978568962544,1.465970754481505,1.3780128451274067,1.3811253942662036,0
2015-10-21,1.4670149508676356,1.4791886394078448,1.4458946909689618,1.4601030128612762,1.4734098220824485,1.453358360536312,0.6011092809157038,1.3838750598839493,0
2015-10-22,1.4581487633220873,1.4717490477885706,1.4407252556240018,1.4560040445238234,1.4652930292001505,1.448751244379173,0.4800894113070563,1.41500538749823,0
2015-10-23,1.4544263128726334,1.4605668382266588,1.442200608258908,1.4495189044585297,1.457651947297285,1.4460449288650956,0.46179110173187343,1.4207993873400808,0
2015-10-26,1.4494642282425307,1.450938788708116,1.4407785723627855,1.4430898708809619,1.4502388188068225,1.4419927036685032,0.3000472606381033,1.4107826923259283,0
2015-10-27,1.4249849001811112,1.4508729217031922,1.4140749027497919,1.4410139456490545,1.438583947264763,1.4282260541795415,1.2905541940754117,1.3538249748414923,0
2015-10-28,1.4186654652965283,1.4392641515216664,1.411111330433696,1.4324377489316353,1.429486010373644,1.4223141552239862,0.7318800995391739,1.3829912108034916,0
2015-10-29,1.4165064433073336,1.4232165538136698,1.4132847350981756,1.4203052108653824,1.420031282338943,1.4169726098330775,0.31905065717277803,1.3802415451857462,0
2015-10-30,1.4212549211701213,1.399474192088107,1.4233003426440727,1.4013225666142475,1.4098134458124956,1.4117553579966897,0.342577066941829,1.3756260630307122,0
2015-11-02,1.433819504619199,1.3714232068760817,1.4411575541544077,1.3780543408527053,1.4010425621969882,1.4080092670947872,0.3286641565669557,1.3784740037634513,0
2015-11-03,1.4353337828015986,1.3723942538901734,1.4410149860545596,1.3775281548999792,1.4022714795908537,1.407665183508753,0.3739971295060684,1.3933025744240035,0
2015-11-04,1.4362628488281552,1.3728942308537337,1.4404318720362146,1.376661628622262,1.4029751439826894,1.4069331922710346,0.3024119366774859,1.390847577412617,-1
2015-11-05,1.4347911129139646,1.3663002834382059,1.4394111443478552,1.3704752412750734,1.3988126966396748,1.4031989297202827,0.43827332366746824,1.3737602464934242,0
2015-11-06,1.4330772147233888,1.3557179241658108,1.4380785836596792,1.3602374831199906,1.3924401720759585,1.3971884449374288,0.4080054703633709,1.3576548830310617,0
2015-11-09,1.4184122829264914,1.3532166065623692,1.4213702748253738,1.355889638474888,1.3841648194125258,1.3869731210668985,0.6944064991967993,1.3287833156754218,0
2015-11-10,1.4089420825534578,1.357265399414604,1.4058951271904885,1.3545119743885536,1.3817961824106904,1.3789034193203453,0.3887355596719196,1.3303544636063505,0
2015-11-11,1.3966963077225087,1.357370060096433,1.3919058355730725,1.3530410810561884,1.3760381244529143,1.371490075870506,0.2721355338754537,1.3259353749426828,0
2015-11-12,1.3793169306148678,1.3589064796101364,1.3722192881315267,1.3524925929227565,1.368595266003489,1.3618568022721844,0.4042649828101657,1.3064912437577867,0
2015-11-13,1.3610705025864531,1.3596793631507067,1.3519181585272197,1.3514087158396288,1.3603397333126983,1.3516505469181572,0.3967324640960135,1.2938230798715717,0
2015-11-16,1.3545726181065767,1.352986190142607,1.3472969140569158,1.346411395560467,1.3537392632455865,1.3468317488176031,0.36035944719932833,1.313070817565102,0
2015-11-17,1.3548558132540405,1.3375239061490407,1.3520498082923802,1.3349882194177694,1.3457513160034749,1.3430873099326721,0.24206546991781056,1.3141510601369255,0
2015-11-18,1.363585172979509,1.318674054774403,1.3674131732925652,1.3221332823002785,1.3399932422276841,1.3436275252073486,0.3567823043807052,1.3337915848131878,0
2015-11-19,1.3708263482235348,1.3061875205354647,1.3801542987052482,1.3146168571152694,1.3368713988114156,1.3457273050022334,0.4087536336393807,1.3428263123705095,0
2015-11-20,1.3700872138771207,1.3073271272828313,1.3843042010269935,1.320174512147488,1.3371191721964601,1.3506167035954697,0.44510938712677434,1.3601100367810686,0
2015-11-23,1.3673613674462168,1.3157333197136827,1.3824278443158284,1.3293483581784309,1.3402410156127287,1.354545047998511,0.4417988406716387,1.3597172497983363,0
2015-11-24,1.3658236792307892,1.3230280853126295,1.381273906655074,1.3369899054840741,1.3433430390563554,1.3580114021618952,0.2930220395369888,1.3610920042378991,0
2015-11-25,1.366824738335408,1.3277456810156238,1.3810126827488574,1.3405668209939048,1.3462964047961614,1.3597663631768757,0.27844703631243056,1.3551998860196754,0
2015-11-27,1.3741942906600664,1.3313117125745475,1.385109852222168,1.3411757167354734,1.3516679574694075,1.3620311331105706,0.12174213777072006,1.3597172497983363,0
2015-11-30,1.3909747476723189,1.3306183754803294,1.3976575033594427,1.3366573437486322,1.3592693836089744,1.365613956039686,0.3908680839596868,1.36914460759977,0
2015-12-01,1.3991736113877933,1.3374912807403838,1.4045720472746221,1.3423696549538602,1.36677171779434,1.3718969638904275,0.3607292129850104,1.3874104562057799,0
2015-12-02,1.4158278568505782,1.3335349293103886,1.4175040869217597,1.3350496787167967,1.3725991614743769,1.3741905653195958,0.3203404804669867,1.3718944299561362,0
2015-12-03,1.4255602035442947,1.3305887548914033,1.4244965467863742,1.3296275661677415,1.3756714470500337,1.3746616170251165,0.508156015513064,1.3642344568383769,0
2015-12-04,1.4323987999722583,1.3313706867793023,1.430755110728079,1.3298853433591207,1.3793284613636603,1.3777679516051828,0.39310377766964855,1.3790631842375496,0
2015-12-07,1.4339577472272869,1.3319428823041648,1.432224769187896,1.3303768517803027,1.3803690652904066,1.3787237852283307,0.2819897345191816,1.37042124366296,0
2015-12-08,1.4326492901198635,1.3323517664091706,1.4293210971716004,1.329344196995242,1.3799627321242276,1.3768029635777992,0.33580117879491045,1.3556909481174009,0
2015-12-09,1.424944467951495,1.335559921604929,1.4193051574708146,1.3304638776011724,1.3779905262112575,1.3726365950668216,0.396835633518208,1.3415496763073198,0
2015-12-10,1.4206500754918188,1.3371388954087935,1.4130164136485557,1.3302406271193743,1.3767814287900335,1.3695340711514083,0.36306807611716657,1.3432190993532418,0
2015-12-11,1.4058465357948262,1.343177263162907,1.395405341832831,1.3337419281047698,1.3729261989319739,1.3630133853478072,0.45864398221803077,1.321516286279015,0
2015-12-14,1.3997058075703324,1.342142028509575,1.3898695310191476,1.3332533357678502,1.3694674001627802,1.3601288919261636,0.44230622049138735,1.3348718273850115,0
2015-12-15,1.4018948792771182,1.3335794503737874,1.3967461855088574,1.3289267592168077,1.366008601393586,1.3611204591262838,0.3644610688335698,1.3531376759910212,0
2015-12-16,1.4022903667955673,1.3324485103043386,1.4012711450248132,1.3315274758957627,1.3656022524093923,1.3646346087231258,0.3736618083322585,1.3678679715365802,0
2015-12-17,1.4004242752900131,1.3300408373980772,1.3998779109059245,1.3295471073661982,1.363451666742646,1.3629329513248296,0.35164882411109677,1.342924587485503,0
2015-12-18,1.3972181923103393,1.3225049087313372,1.3974667793736186,1.3227295480055137,1.35797110421987,1.3582071114453553,0.8621265215537365,1.3247570139944862,0
2015-12-21,1.396990306822166,1.3150699323683932,1.398532708132037,1.3164637454903134,1.353957314580676,1.3554216621172102,0.4830388236811557,1.3306491322127099,0
2015-12-22,1.3971136655106555,1.3147320439480974,1.4009929422595802,1.3182376081625515,1.3538383789268102,1.3575213434798539,0.366636587231144,1.354512430430584,0
2015-12-23,1.3966877476686432,1.3187581571472478,1.4015195836120806,1.3231245151747133,1.3557511249218552,1.360338444068584,0.4441205226012143,1.3605028237638008,0
2015-12-24,1.39693270305293,1.321310162638583,1.4021073635586387,1.3259863190112344,1.3572079799101089,1.362120774858766,0.12856956952538037,1.3576548830310617,0
2015-12-28,1.4044917634479759,1.3202147179054338,1.406814317504579,1.3223135272747883,1.3602208055678402,1.3624258259406115,0.2702953366516894,1.351369977830106,0
2015-12-29,1.4061514805445745,1.3259784932879368,1.4088365622995684,1.3284049060247438,1.364036395480616,1.3665855977071413,0.33911172525004607,1.3726800039216005,0
2015-12-30,1.4059393120606818,1.3290945076394036,1.4097561237382894,1.3325436243939743,1.365572530359437,1.3691961909085764,0.2570531508311468,1.3683590336343057,0
2015-12-31,1.4059248303860317,1.325956895395054,1.4104701969558184,1.3300643812538648,1.3639174598267503,1.3682328064855713,0.2976998480080122,1.351468096206479,0
2016-01-04,1.4037205529245986,1.3264394789332419,1.4051011864482927,1.327687108269117,1.3631245976490192,1.3644353637164102,0.44966676276631173,1.3350682208763776,0
2016-01-05,1.4077126462121108,1.3246242741799796,1.4046391949079144,1.321846905715653,1.3640661017125564,1.3611481835176253,0.33748658078202753,1.334086253419547,0
2016-01-06,1.4062581518872275,1.3253160492200655,1.3994056833051582,1.319123717453936,1.3637390484369445,1.3572333514934094,0.3706865830509327,1.3274084044972387,0
2016-01-07,1.3890110781609506,1.331336312151766,1.379693019449644,1.3229159144125235,1.358714369011952,1.3498678540149398,0.6041360498047714,1.3047235455968713,0
2016-01-08,1.3712126908440867,1.3343833537677372,1.3604258528177673,1.3246356724808421,1.3518661413778106,1.3416251751715789,0.40953607711384077,1.292644640554065,0
2016-01-11,1.364276929922885,1.331179992112193,1.3546636705605064,1.3224928320599065,1.34689101979343,1.3377642428805248,0.42773976676476394,1.3083570602950747,-1
2016-01-12,1.3578216914455492,1.328127253479621,1.3491714917116004,1.3203103761084414,1.3422231236030124,1.3340106703394725,0.4367083545118372,1.3051164109489137,-1
2016-01-13,1.3520987137172369,1.3170548678502163,1.3459180758043927,1.3114696455286143,1.333690087568214,1.3278222230611219,0.40415326389003636,1.288127276775404,-1
2016-01-14,1.3565398660088226,1.3009104237619744,1.3550407399245248,1.2995557169198995,1.3273175709135052,1.3258943086441808,0.49095837159028144,1.305214607694597,-1
2016-01-15,1.3508728332886002,1.291711877497937,1.3501691633329214,1.291075996024387,1.3197954246645054,1.3191273641801573,0.7746248763919343,1.276932142443745,0
2016-01-19,1.33664490325497,1.2897778468775851,1.3346494827645112,1.2879746564591439,1.3120255129394685,1.3101310714210037,0.8581280693416895,1.258077191732947,0
2016-01-20,1.2931486958888643,1.302689626076984,1.2861419610047164,1.2963578893487795,1.298160572085715,1.2915084155418324,1.3893804713190239,1.1967003855848433,0
2016-01-21,1.2712965048255944,1.299306399381884,1.2630318231283824,1.291837900927982,1.2860101775005885,1.2781637329948032,0.7611333576171957,1.207011749205355,0
2016-01-22,1.252397341983951,1.2968392417695513,1.2426687883967342,1.2880478944331695,1.2757427910425365,1.2665065544105312,0.7943935351984885,1.2029853691551093,0
2016-01-25,1.2362888942662162,1.2933783929686868,1.2256862392740957,1.2837971513290216,1.266278160930522,1.2562120571097632,0.4682918440173696,1.1988608707284907,0
2016-01-26,1.2284331171701823,1.2804034628590553,1.2210336558448736,1.273716833235265,1.25573327903747,1.2487082701153085,0.39707641697446916,1.2038692182355668,0
2016-01-27,1.220618035875627,1.264939104351931,1.2161221705770717,1.2608763510286494,1.2439000119236197,1.2396316615063858,0.4322111541846874,1.1878621298881977,0
2016-01-28,1.2186816626295938,1.2498034492316727,1.2180978763249497,1.2492759023431925,1.2350300205358962,1.2344757769472805,0.3390085558278516,1.2002357035373636,0
2016-01-29,1.2334811879201324,1.2211100679895455,1.24180825664262,1.2286349433759038,1.2269826054668516,1.2348882798800478,0.7092394670801994,1.2254738345641105,0
2016-02-01,1.2456227628986207,1.2003276071951052,1.2598094588185933,1.2131476189543036,1.2218290962196874,1.2352978692873866,0.30739925341509283,1.225866699916153,0
2016-02-02,1.2574269195389305,1.1799066551975805,1.2737763099214543,1.1946810169053408,1.216705316931486,1.232227340530189,0.28266909077815805,1.2073063394424042,0
2016-02-03,1.2585281673393471,1.184307315433433,1.272624273946003,1.1970454648570652,1.2195397549264337,1.232922522985616,0.5351476847671869,1.2247864573443292,0
2016-02-04,1.2507790740228162,1.200252598600103,1.2660873322186235,1.214086126236852,1.2242373810758143,1.2387709593567726,0.45285695859667224,1.2535599063235963,0
2016-02-05,1.2468375933039089,1.215266326808291,1.262595731934786,1.2295063953690413,1.2302531224049558,1.2452138147596727,0.6171976274814404,1.262594555511608,0
2016-02-08,1.2513030182567837,1.2204756445711153,1.264480733022934,1.2323838760024788,1.2351093162444782,1.2476201680127377,0.6332172492368545,1.246980254146971,0
2016-02-09,1.2546601150428425,1.2202341990791747,1.2628435542619891,1.2276292815995837,1.2365760891280602,1.2443454024606186,0.5122490054426597,1.2184032770283801,1
2016-02-10,1.251021504659473,1.2220695641626644,1.2498224094381625,1.2209859845240847,1.2358129727273064,1.2346745581511782,0.5562664243870483,1.180300510254742,1
2016-02-11,1.2318607202199645,1.2311398397911935,1.222447881958469,1.2226337931485838,1.2314820397988215,1.2225455416048654,0.6283675465333143,1.1573210611173255,1
2016-02-12,1.225111186587755,1.2301642332995377,1.2152147612138002,1.2212211862092341,1.2277655655672692,1.2183699523607041,0.424480846124081,1.1886477822229724,1
2016-02-16,1.2229368160377931,1.2281860333759689,1.2148501797051532,1.2208784281758847,1.2256942439730754,1.2180168347821163,0.3492325222572615,1.2053422477901228,1
2016-02-17,1.2248596815735504,1.2324102156820724,1.219547256404701,1.2276095662906499,1.2288259973756648,1.2237824093942213,0.41454920675867407,1.2383384703110016,1
2016-02-18,1.2148687684664181,1.2560224189267586,1.2185079723412253,1.2593110378364984,1.2364868913421647,1.2399419319952785,0.8557203991924999,1.300697243915936,0
2016-02-19,1.2071492802871837,1.2732427291348525,1.2202420751560865,1.2850742214800013,1.2418683460927242,1.2542985753656957,0.44071543842852995,1.306884030740519,0
2016-02-22,1.2006927356250539,1.288887845594714,1.2220393863698544,1.308178053484669,1.2470218632488956,1.2672882590509216,0.38328385722437097,1.3136600764085102,0
2016-02-23,1.199062908392048,1.3005862958933898,1.2233458772306942,1.3225299498502936,1.2523934159221417,1.275447536384207,0.295773662564634,1.3002062601875208,0
2016-02-24,1.2031190500355715,1.3133913253737926,1.2260796877423035,1.3341400357894853,1.2610453717927907,1.282844078165728,0.35449506706300166,1.3041343651227733,0
2016-02-25,1.221148096950626,1.3240970312361697,1.2387715583182821,1.3400227255095665,1.2752274480268275,1.291959067789971,0.37476247398465873,1.3208288306899236,0
2016-02-26,1.2610193508688632,1.3148194488705576,1.2670077373808617,1.3202309404493944,1.2892806865296853,1.2949660285872555,0.37716151242920254,1.2965727454893174,1
2016-02-29,1.2946852798252093,1.3032443451287141,1.2909386384268968,1.29985863875601,1.299181379766842,1.2956243385047623,0.3807558364504063,1.2867524439665312,1
2016-03-01,1.3328350131298516,1.2907114900687273,1.3238545331412528,1.282596150196319,1.3107074135777221,1.3021813940106737,0.325766370007309,1.319552194626734,0
2016-03-02,1.3614035259896737,1.2841389257816447,1.3510893253135619,1.2748183500323376,1.3208162244366248,1.3110239775974095,0.44861772292836416,1.3385053420832147,0
2016-03-03,1.3564559149145186,1.298703467084049,1.35102436489038,1.2937951688042428,1.3261183992966172,1.3209617148160548,0.44338962273449606,1.353235794367394,0
2016-03-04,1.354801641771615,1.309103347787225,1.3530072196429126,1.3074817924285493,1.330796205473356,1.3290925907222195,0.3412356178331676,1.353235794367394,0
2016-03-07,1.3490992919443152,1.3262931647236496,1.3521122576173468,1.3290158744776484,1.3371191721964601,1.339979665657358,0.4446450836235436,1.3763135186198039,0
2016-03-08,1.3537368040776023,1.3346863552410755,1.3571196377764694,1.3377433015549691,1.3437295522498929,1.3469411964320777,0.4797369089306658,1.3657076431315531,0
2016-03-09,1.3583292985821307,1.3448936690465638,1.362310830212241,1.3484916373547289,1.351271526380542,1.3550515711697113,0.3789070897287072,1.3788667907461833,0
2016-03-10,1.361596415880345,1.3526763178932255,1.3662101343680695,1.3568455709455156,1.3569106645024671,1.3612909041058214,0.34572426866238254,1.376706305602536,0
2016-03-11,1.3739728221493728,1.3609812624095345,1.3772988114212938,1.3639868404396496,1.3671483210015563,1.3703059973894771,0.38023127542807705,1.3980163316940304,0
2016-03-14,1.4004001155029662,1.3592679723364474,1.4000267327850677,1.358930559674532,1.3787932904663023,1.3784388029152088,0.3481491200141527,1.4021409084899592,0
2016-03-15,1.4162246012895199,1.361174239326992,1.4142346434918265,1.3593759853494172,1.3873064986194512,1.385417243352219,0.31880132421858204,1.403908449912254,0
2016-03-16,1.423963028189992,1.3701989368201766,1.42259774551825,1.368965179502398,1.395720606909391,1.394424414858565,0.3630336315052945,1.4218796299119045,0
2016-03-17,1.4246444384568029,1.3870157807446888,1.425666400064938,1.3879392910467103,1.4048780037184359,1.4058482485916268,0.5005890521870396,1.4439752299688633,0
2016-03-18,1.43270965241681,1.3972544857856857,1.433973793156462,1.3983968447422068,1.4140849583680921,1.415285126810699,1.0395717622249805,1.4444662920665887,0
2016-03-21,1.4337495541841927,1.412313521489718,1.4372170573889387,1.4154469806200654,1.4224891487627038,1.4257811777199532,0.32001379099782257,1.4595895313335003,0
2016-03-22,1.4456527567244044,1.418593445364564,1.4477334745258965,1.4204737159246137,1.431438427950002,1.4334138502783798,0.35099528075934666,1.4543848687043681,0
2016-03-23,1.4574449053225298,1.4173516666017791,1.455769865192349,1.4158379925026667,1.4363838195754197,1.434793545453809,0.40966505944326165,1.4278700232451214,0
2016-03-24,1.473787404126459,1.4172238993876316,1.470040644720254,1.4138380863753985,1.4440744435008823,1.440517290202742,0.43376757384238357,1.4529116824111918,0
2016-03-28,1.4837550655248828,1.4196118354574687,1.4794900195166703,1.4157576653048662,1.4500604548710612,1.4460112430509195,0.28076016874407134,1.45733092781348,0
2016-03-29,1.4946191674192446,1.422151865037233,1.4900164295814053,1.4179925348071025,1.4565518992706283,1.45218208463742,0.2698740272582656,1.4664637737471746,0
2016-03-30,1.5111329837529182,1.4175111468025094,1.504412899094793,1.4114384456728062,1.461953181902837,1.4555731695471348,0.28644394073652446,1.457429046189853,0
2016-03-31,1.5154492413763874,1.4261757632330128,1.5104691356704634,1.4216754191026988,1.4685536440609415,1.463825558396413,0.5830517547967822,1.4872827377409437,0
2016-04-01,1.5123238231164837,1.4393389326521435,1.510765904653846,1.4379310972320036,1.47398466456112,1.4725055851229185,0.3375467560944151,1.4977904948528216,0
2016-04-04,1.5143905479893094,1.4468668226491552,1.514260371206356,1.446749186527422,1.4789201541092245,1.4787965649692183,0.3380368725048722,1.4933714061891539,0
2016-04-05,1.5157924540894976,1.4481846801106628,1.5157248511330201,1.4481235897269762,1.4802779092342693,1.4802137273497322,0.2869426888516273,1.4730433475544897,0
2016-04-06,1.5185732537093468,1.4492941166218205,1.517760654665077,1.4485597998110693,1.4821807373339857,1.481409260156774,0.3606862188752034,1.473239741045856,0
2016-04-07,1.5309624249528764,1.443475417240808,1.5248456401572108,1.437947896706691,1.4850052653426125,1.4791980226427257,0.31497484844576296,1.455857898258924,0
2016-04-08,1.5348269722942587,1.4426244844542488,1.5274308722728132,1.4359408923210268,1.4863927583356273,1.4793709406173374,0.28322801420564847,1.4666601672385409,0
2016-04-11,1.5371903631881907,1.4420923970463768,1.528866176645403,1.4345701261831478,1.4872351467179408,1.4793322086307035,0.33071932433975476,1.46567804304309,0
2016-04-12,1.537772362844644,1.442132453439093,1.52982288061776,1.4349487895188198,1.4875324621255823,1.479985266307501,0.30919645652905015,1.4694098328562866,0
2016-04-13,1.5425331932934587,1.443150602985504,1.5352395052138097,1.4365595568760718,1.4903272522662392,1.483402663896577,0.27244504214203724,1.4851222525972962,0
2016-04-14,1.5426715166321612,1.4424784665925199,1.5384927865473597,1.4387022970652479,1.4900398389359109,1.486072574990814,0.2731415796035943,1.4844347970082048,0
2016-04-15,1.5443088930959057,1.4394895144341036,1.544329072478003,1.4395077498228959,1.4892469925761942,1.4892661507733989,0.31451054494253217,1.4899342849823165,0
2016-04-18,1.5431856041035314,1.4413724240420465,1.547015150961912,1.444833049125842,1.4897028677649704,1.4933386190264768,0.5659486485915484,1.4978886132291944,0
2016-04-19,1.5154267679650408,1.4551371999979672,1.5128395307227713,1.4527992058619943,1.4837564963400753,1.4813001871694977,1.1342017979100916,1.4141215384177723,0
2016-04-20,1.5063808829757368,1.4559348497099995,1.5015053447823294,1.4515289995159522,1.4798814465093737,1.4752526366807615,0.580790248179594,1.4348423840351685,0
2016-04-21,1.508004267003635,1.4564488160185194,1.5028754640407187,1.4518140994737998,1.48092205043612,1.4760527923927997,0.5174512927293015,1.4661691051408154,0
2016-04-22,1.5067889774068501,1.4559433750684345,1.5017186730044225,1.4513615215890543,1.4800796462357917,1.4752659264122556,0.44644220453079,1.4583128952703104,0
2016-04-25,1.5062228410040188,1.4556248695871021,1.5015221002878327,1.4513769776467662,1.4796435910196575,1.475180732979029,0.2449718059753921,1.4613572294944155,0
2016-04-26,1.5056869942206301,1.4550714291198223,1.5019994145773108,1.4517390947512694,1.479098502226971,1.4755975338785192,0.2562277132468798,1.464008619997168,0
2016-04-27,1.5059465242434675,1.453403048861669,1.5060496836414656,1.4534962703350034,1.478345295812538,1.4784432347920773,0.2675265324214636,1.4776588297095237,0
2016-04-28,1.5022073031427463,1.449065680262828,1.5025792475946984,1.4494017932150398,1.4742918662280606,1.4746449882971733,0.3260243346661507,1.4442698985752227,0
2016-04-29,1.4979964739638008,1.4419660275791644,1.4989840723333794,1.4428584850465538,1.46856353032024,1.4695011509189277,0.3633690348858153,1.4331729609892465,0
2016-05-02,1.4980191025530947,1.4282485367317275,1.5008807480934487,1.4308345038719934,1.4613684373468518,1.4640852682848406,0.30116510749308417,1.4265933871819314,0
2016-05-03,1.4986241133705942,1.4279470738065398,1.49451897413646,1.4242374057096394,1.461497275078031,1.457599877892121,0.3082075920034902,1.4153981744809623,0
2016-05-04,1.4925296247865742,1.4299452917032673,1.4850048183869746,1.4231453922007518,1.4596539068962402,1.4525098960323788,0.22160027364969928,1.4165766921677792,0
2016-05-05,1.491668279754392,1.4253844658573869,1.4869246679985333,1.421097832885606,1.45684921467827,1.452345655102359,0.5590265969126283,1.438377780356999,0
2016-05-06,1.49159953889239,1.4231637491782376,1.4895338185269047,1.4212970312668842,1.4556500351523745,1.4536888513093575,0.42098114202713693,1.4464303837188701,0
2016-05-09,1.4920681892338814,1.419966883611835,1.4927894435951898,1.4206186554863791,1.454193180164121,1.4548779351889238,0.36995568318421446,1.4469214458165955,0
2016-05-10,1.4903919338909786,1.4231607718761425,1.496200525970538,1.4284097896308336,1.4550752243097327,1.4605898704968185,0.34332514801112785,1.4727486789481306,0
2016-05-11,1.4937460459955858,1.4172620758014454,1.504127917944379,1.426643803669359,1.4535688114808671,1.4634253050636574,0.2659615632658326,1.462731983933978,0
2016-05-12,1.493192212579206,1.4211019070291906,1.5039611906810855,1.4308334489385568,1.4553229818767628,1.4655469919664579,0.27939290672818357,1.4616517413621544,0
2016-05-13,1.4952540859309147,1.4225968975686425,1.5038676787218337,1.4303806945493804,1.4570870701679863,1.4652647689960219,0.20619975063416313,1.4506530788911716,0
2016-05-16,1.4990200046835545,1.4270988234421915,1.5063189762547657,1.4336946440547451,1.4612396154336877,1.4681692199219203,0.2639064776997444,1.4677404098103646,0
2016-05-17,1.5103226977758524,1.4241863154853234,1.5133138038424871,1.4268892714916817,1.4650750253191056,1.467914765386855,0.30015051226700873,1.4534027445089173,0
2016-05-18,1.5242739401215617,1.4174088251148709,1.52256749549379,1.4158667718899436,1.4681374088174488,1.4665173194341488,0.21420528676290276,1.4469214458165955,0
2016-05-19,1.516391468586141,1.421626498841896,1.510514175560895,1.4163153984897814,1.4666111760159413,1.461031305519248,0.31691821509172174,1.4232545410900874,0
2016-05-20,1.5163060324462463,1.4216282432863785,1.510145984883673,1.4160616277308684,1.4665715360706577,1.4607232199317512,0.3157057483124812,1.4460375967361379,0
2016-05-23,1.5149382680940393,1.4217888465164288,1.5081967022765925,1.4156967336282258,1.4660066273053296,1.4596062208521035,0.18090203286509213,1.4413238394661108,0
2016-05-24,1.5166258247560382,1.417132043199535,1.5135773628189397,1.4143772567361095,1.4643614746679714,1.461467281244223,0.2518853081563772,1.4564470787330224,0
2016-05-25,1.509997185067681,1.4282915289014386,1.5121074698168209,1.4301985180588745,1.4670769849180607,1.4690804779480604,0.374504509325817,1.4896396163759573,0
2016-05-26,1.5042356345393784,1.4402899922289192,1.5105724116627697,1.4460163119932647,1.4706448172638067,1.4766609195005078,0.26337328497276946,1.497004920887357,0
2016-05-27,1.5020741802251392,1.4519028511768766,1.5103582035780287,1.459388827996046,1.4757190466204038,1.483583853990421,0.21128168729602972,1.5009329474532993,0
2016-05-31,1.4983304263247679,1.4633608033729257,1.5098209405436849,1.473744371769452,1.4799607896720004,1.4908698222838777,0.5018788754812483,1.5097712815192552,0
2016-06-01,1.5008103757937312,1.469628533207457,1.5115374294721884,1.4793221895087647,1.4844304703179854,1.4946146775847926,0.22902099123701122,1.4976922197378282,0
2016-06-02,1.5058440772498294,1.4767014965802716,1.515247095931594,1.4851986696184614,1.4905354015240153,1.4994625770616063,0.2272325020344106,1.5074144028842416,0
2016-06-03,1.5253290020099002,1.4741113668370869,1.5294428021484683,1.4778288614848143,1.4984242409939106,1.502329860796069,0.20020638816841557,1.5014240095510247,0
2016-06-06,1.5381972406804265,1.4728216080853571,1.538757866626073,1.4733282257824054,1.5038552456760743,1.504387500943994,0.20454016155427243,1.4998527048814756,0
2016-06-07,1.5601370436053312,1.4653718015149377,1.556761832247272,1.4623217432389173,1.5103566079709696,1.5071522003982933,0.3839374005761211,1.5057449798383196,0
2016-06-08,1.583150253708819,1.4553106096681905,1.5774895619104647,1.4501952441292751,1.5159957460928952,1.5106215156400606,0.2523754245668343,1.5123245536456347,0
2016-06-09,1.5880631745464873,1.4541348686557447,1.5824855470665915,1.4490945653825897,1.5177102765435069,1.5124149069094037,0.17385099885675126,1.506628672180157,0
2016-06-10,1.5877805196838706,1.454258221714868,1.5818286440443574,1.4488797237109443,1.5176408987302532,1.5119902198993276,0.2683348710098609,1.4963174652982656,0
2016-06-13,1.5810645067099889,1.4573840778142888,1.5743062994240746,1.451276926623817,1.516094845956104,1.5096786401819111,0.31045183521138675,1.4856133146950217,0
2016-06-14,1.5752816235612679,1.4575536349176708,1.5689113788861175,1.451797071718947,1.51343879562394,1.5073909194729802,0.24642505621089375,1.4834528295513743,0
2016-06-15,1.5694481214698688,1.4593726195375691,1.5622954204083919,1.452908978374367,1.5116251653101191,1.5048344292598388,0.19436773873260435,1.4797211964767982,0
2016-06-16,1.5663285598309897,1.4575882248857004,1.5602410004007778,1.4520871142733085,1.5092069704676714,1.5034274741731026,0.21059378153911842,1.4834528295513743,0
2016-06-17,1.5657330311522035,1.4564283865746213,1.5611375869776047,1.4522756473681542,1.5083150084267312,1.5039521183583107,0.401040424574644,1.492585675485069,0
2016-06-20,1.565142176323163,1.4586225868256957,1.5631549783993637,1.4568268268478495,1.5091871504950296,1.5073005154372798,0.3071585521655426,1.5084946454560653,0
2016-06-21,1.5641920829048321,1.4608395133618124,1.565174013418727,1.4617268489899151,1.5099007011461638,1.5108329407130445,0.23735329904162594,1.5128154590047398,0
2016-06-22,1.5652439523366946,1.4578513747646396,1.5682527982248158,1.4605703616157657,1.5088303435334327,1.5116869256926184,0.24366480147860278,1.5017185214187638,0
2016-06-23,1.5609297344337436,1.4653912062238916,1.5672719194970046,1.4711224129508613,1.5107430895284775,1.516764326034305,0.3413216060527815,1.5255818196366377,0
2016-06-24,1.5376455673665677,1.4755274495792792,1.5377708321671595,1.475640646917522,1.5050147536206566,1.5051336793509364,0.7810138175505902,1.4395561413051956,0
2016-06-27,1.5061779170442635,1.4892855468723043,1.4985366739279702,1.4823804276564998,1.4973043097225525,1.490049754463947,0.43148025431796916,1.4092115443949997,1
2016-06-28,1.4929772600357156,1.4911020836905151,1.4821075558507788,1.4812795192078494,1.4919922248762392,1.4816725859831672,0.3437550891091974,1.430816082354233,0
2016-06-29,1.4896024845839546,1.4899633831176082,1.4790692475020975,1.4804448719707155,1.489792065550866,1.4797918667220407,0.28958251075243224,1.4579201082875783,0
2016-06-30,1.489936862319169,1.491019608938549,1.4833325132417057,1.4850514939304775,1.4905056320200152,1.4842354984042665,0.3411238989130382,1.4905234654564148,0
2016-07-01,1.4899688449772293,1.4916699179405084,1.4879000327245095,1.4898004060007972,1.4908624231635974,1.4888983038994121,0.22858250064100682,1.4961210718068996,0
2016-07-05,1.4904104144610402,1.4876296609101913,1.4931030365647524,1.4900628875915407,1.4889496771685526,1.491506038161736,0.21197814255087588,1.4895414979995845,0
2016-07-06,1.4915842331483253,1.4833993737252968,1.4995875004635624,1.4906316413140381,1.4872847045585527,1.4948829636512357,0.22093809859330343,1.4963174652982656,0
2016-07-07,1.4917552923645403,1.482641074278116,1.5034393329422355,1.493199525551476,1.486967569178269,1.4980603346778958,0.18387717593970695,1.4985760688182859,0
2016-07-08,1.4934302192740447,1.4794483864717503,1.5123117829603518,1.496510982995704,1.486085525032657,1.504011580393874,0.2614558134407479,1.5168417606856752,0
2016-07-11,1.499572952629519,1.490386702636412,1.5161109339865555,1.5053314872900485,1.494747390889627,1.5104484617487106,0.24366480147860278,1.5253854261452717,0
2016-07-12,1.524131601625868,1.4937391221794178,1.5353281793237614,1.503857070612195,1.5081663507229102,1.5187963215771865,0.33052153499330056,1.5421782451967256,0
2016-07-13,1.5453056731974044,1.4978483480877636,1.5526956888335541,1.5045264419787256,1.5203762131349694,1.5273922543704712,0.236158013464966,1.5518019964895253,0
2016-07-14,1.5543441382735987,1.5119807646818593,1.5610927628567797,1.518079256325216,1.5320905445949542,1.5384976526025342,0.3987790001641668,1.5739958716614775,0
2016-07-15,1.558231978245317,1.5235606260306511,1.5652510805873754,1.529903538790029,1.540019024010133,1.5466829221522684,0.3849520780089074,1.5690857209000844,0
2016-07-18,1.56435971698845,1.5321919263689263,1.5707450959083589,1.5379621658455422,1.547461890368566,1.5535241348903819,0.5786749050944074,1.569871451604169,0
2016-07-19,1.577555085626348,1.5351722226134163,1.581058023824357,1.5383377030849474,1.555291254102521,1.5586169248524477,0.6122361236510598,1.567121629247803,0
2016-07-20,1.5903746674901615,1.5405485558718164,1.592260404630217,1.5422526293535235,1.5642008775265206,1.5659911862599996,0.37631026193770917,1.584601747149728,0
2016-07-21,1.6098392517456261,1.5377692738944857,1.6081584129810984,1.5362503597760668,1.5719806992378786,1.5703849199238988,0.30258391311671373,1.5756652947073995,0
2016-07-22,1.6234105385006137,1.539862788032499,1.6206469399933587,1.5373654225035154,1.579522681277535,1.5768989356672518,0.21669894513170626,1.5915742646783957,0
2016-07-25,1.6375339847667396,1.5409101967697392,1.633843681173333,1.537575400864522,1.5867772499868633,1.5832736955347986,0.24116259361186446,1.597269989405253,0
2016-07-26,1.6484244500818046,1.5406530096065423,1.6439190005417694,1.5365815953456354,1.5918118235801617,1.587534373935437,0.24890153337711662,1.5920651700375008,0
2016-07-27,1.6581843866554224,1.5390214440334065,1.6528231483168216,1.5341766839192517,1.595587773547654,1.5904978426044805,0.18596670611766725,1.5892173860433823,0
2016-07-28,1.6598089044511377,1.5396098770603515,1.6549906476423493,1.5352557900131663,1.5966680332376988,1.5920936060486233,0.20124679630171738,1.5847000222647212,0
2016-07-29,1.6623291080488314,1.5389172634782402,1.6565857236683634,1.5337271715984575,1.5975005353607137,1.592047797013641,0.305043209080356,1.5773348744919418,0
2016-08-01,1.666209134716764,1.5384107679907324,1.6603418018622005,1.5331086682900728,1.5990763101848182,1.5935058958207862,0.24279636978452881,1.5854855962301857,0
2016-08-02,1.6707737998756698,1.5361724919287243,1.6634679163617911,1.5295704252397924,1.600067372088967,1.5931312054394133,0.26492107292581984,1.5769419307705892,0
2016-08-03,1.6692496132822106,1.5362480649108132,1.6625119250302633,1.5301594560404295,1.599383543487788,1.592986818374464,0.24607247162779233,1.5778257798510469,0
2016-08-04,1.671822612736513,1.5359982691927683,1.6654824413640599,1.530268882166452,1.6004737210731612,1.5944543963545934,0.21403331032367495,1.5864677204256366,0
2016-08-05,1.6686400951137532,1.5415720987988806,1.665772965132748,1.538981175564959,1.6018909361161313,1.599168898279584,0.32782145557339715,1.6056172613734836,0
2016-08-08,1.6690931110524034,1.540011866586195,1.6681546258262474,1.5391637909170592,1.6012863874055194,1.6003953945619576,0.26134401231390764,1.5912795960720363,0
2016-08-09,1.6690697392779685,1.5393726866916748,1.6690411494045325,1.5393468510414494,1.6009395299752807,1.6009123869026782,0.23539275119308656,1.588628205569284,0
2016-08-10,1.6690763855993902,1.5398383279027472,1.6698207234218105,1.540510959478843,1.6011872875423103,1.6018939578813687,0.21210712488029676,1.5916723830547685,0
2016-08-11,1.6675415427897644,1.545300453773243,1.6696290637545248,1.5471868721096034,1.6033279711317434,1.605309852346864,0.7539963353892409,1.6059117732412225,0
2016-08-12,1.6705184879418937,1.5451195132838944,1.6711626491939304,1.54570161886172,1.6046460704934897,1.6052576337335585,0.21867667418282624,1.5903957469915788,0
2016-08-15,1.6712250451732915,1.5452923053447067,1.6712424849648597,1.5453080650631246,1.6050722394503254,1.6050887966949652,0.2554193746584825,1.5897084481411077,0
2016-08-16,1.6717098032525577,1.5450806603036829,1.6692168419230264,1.542827859951853,1.605191175104191,1.602824370979861,0.1900511465493281,1.578120448457406,0
2016-08-17,1.670746165659759,1.5455175485915207,1.666048351778418,1.5412723015275773,1.6049632375098029,1.6005031581904885,0.2773893647698372,1.5755671763310266,0
2016-08-18,1.6703479077893628,1.5455189544032222,1.66559415940848,1.5412231613244833,1.6047749240426836,1.6002617408093054,0.3140289780300099,1.584601747149728,0
2016-08-19,1.6668724801485735,1.5421317633607243,1.6630172126039493,1.5386478954089657,1.6013458473234448,1.597685676980278,0.24207401941574538,1.5716389930264638,0
2016-08-22,1.6627898532345835,1.5419723282352855,1.6587681665267238,1.5383380732137206,1.5993240835698628,1.5955059157651037,0.17535579269999474,1.5712462060437318,0
2016-08-23,1.6603702663334985,1.541309968519211,1.6565398284386117,1.5378485382374643,1.5978275728183107,1.5941909756115211,0.24404319896893054,1.5737994781701112,0
2016-08-24,1.6544169892505385,1.540973204416818,1.6503197721225842,1.5372706952450796,1.594824665055908,1.5909347890751437,0.3134958675097458,1.561916966618671,0
2016-08-25,1.6529601142725596,1.5330451672091086,1.650374619505718,1.530708747686111,1.5899684712163855,1.5875138163426397,0.2214196655058257,1.5577923898227422,0
2016-08-26,1.648353540749943,1.5303594575683652,1.64602082141698,1.5282514622008607,1.586370932638699,1.584156261407036,0.21487592911052256,1.5547482123372576,0
2016-08-29,1.6499264753099443,1.524862879427729,1.6496121945664777,1.524578875114839,1.5842302332312515,1.5839318567779055,0.21289820005940258,1.568496540425986,0
2016-08-30,1.6493819551883862,1.5229023048700292,1.6496239907749861,1.5231210238081008,1.5829418559194603,1.5831716432081013,0.15592245506725044,1.5653540878255081,0
2016-08-31,1.647814271600383,1.5213757990918497,1.6480426755238633,1.5215821995815326,1.5813958031453113,1.58161264860605,0.19980225997757237,1.560247543572749,0
2016-09-01,1.6509513346168276,1.5151072537957604,1.6529887260829133,1.516948371889829,1.5795920749088037,1.5815263634465697,0.20279458425476782,1.5667288422650707,0
2016-09-02,1.6511860758554764,1.513970682221975,1.653679598656976,1.5162239899560221,1.5791064618520576,1.5814737990348646,0.19909709081136956,1.566827117380064,0
2016-09-06,1.650554737558036,1.5152015303992405,1.6541559749991508,1.5184558403952533,1.579453335100311,1.582872330624772,0.25745736122870094,1.574683327250569,0
2016-09-07,1.6462929754184379,1.5216563234478142,1.6521072867870163,1.5269105095202653,1.5808210081206842,1.58634108417011,0.24655403854031463,1.587351569506094,0
2016-09-08,1.6461851213896772,1.521659445795866,1.650030303386624,1.5251341997974455,1.580771450280072,1.584422045458331,0.3407884955325174,1.5614259045209455,0
2016-09-09,1.6316635258104268,1.5292353685545677,1.6306416252893958,1.5283119134547862,1.5778577403035647,1.576887553426143,0.4459349069177523,1.5289208224671023,0
2016-09-12,1.6315932692930433,1.5292422459467594,1.6290442502754539,1.5269387882590597,1.5778280024355946,1.5754079774426837,0.37555354916376454,1.5544535437308982,0
2016-09-13,1.6211762056365808,1.5312789809776075,1.616726709426001,1.5272581297474175,1.5739529526048934,1.5697286247512512,0.31271334182857485,1.5300991834152986,0
2016-09-14,1.6054144957625778,1.5354287002750373,1.5983149347857997,1.529013079913477,1.5686507698358936,1.561910484697203,0.3319661535241565,1.5128154590047398,0
2016-09-15,1.5995752497611322,1.5346304047067265,1.5921551386219914,1.5279251145817423,1.5654595486063714,1.5584149348616378,0.3134786863071652,1.5286261538607429,0
2016-09-16,1.5889002403979156,1.5335231538111445,1.5809635253254977,1.526351027113584,1.5598105084071325,1.5522754336570712,0.5557934891791717,1.5107532489760855,0
2016-09-19,1.5842266285818107,1.5289170335480275,1.5778392477774086,1.5231449850397043,1.5551723500846848,1.549108204984461,0.21067976975873234,1.5208682191052312,0
2016-09-20,1.5819063093374142,1.519882610922814,1.5781512024181066,1.5164892545603366,1.5493250943410135,1.5457600159586753,0.1856571978510837,1.5167436423093024,0
2016-09-21,1.5918201861062062,1.4993963649388857,1.5936075981422662,1.5010115855265462,1.5432697051575808,1.5449666645643352,0.21272622362017474,1.5273495177975531,0
2016-09-22,1.5972665400128863,1.489022274408299,1.6024879011706106,1.4937406324966551,1.5404055372036705,1.545362669501042,0.23140293068568535,1.5330452425244105,0
2016-09-23,1.5964525366509652,1.4884183194133498,1.6006116285672751,1.492176742627286,1.5397018728118346,1.5436504923850234,0.23235735059937324,1.5219483049384344,0
2016-09-26,1.6008855658637693,1.476280912862329,1.6061703129036142,1.4810565505144917,1.5354304077102827,1.5404477182244003,0.21783397318926773,1.5121281601542687,0
2016-09-27,1.5988196717917864,1.4799589758385885,1.6056374949226007,1.486119999744523,1.536381829669148,1.5428546344069567,0.2568639931893384,1.5395266979553528,0
2016-09-28,1.5957987248971643,1.4906882919387963,1.6031496502247504,1.497331061310343,1.5405839327754616,1.5475628618815314,0.28462100692205167,1.5544535437308982,0
2016-09-29,1.5935649724810532,1.4973291360438519,1.6020742502621192,1.505018667265986,1.5430120296952226,1.5510906924120178,0.2901930599943754,1.552685845569983,0
2016-09-30,1.5961396697369776,1.5044545703004915,1.6038638420679912,1.5114346296936205,1.5479772412932824,1.555310529103854,0.30929099424659895,1.5599528749663896,0
2016-10-03,1.5993177739067141,1.5067520207912424,1.6054648401815224,1.5123069056194052,1.5506927357253568,1.556528727499237,0.19156457209721733,1.54777569480859,0
2016-10-04,1.604414754094727,1.5059382100752172,1.6073307766634535,1.5085733157990617,1.552684761610969,1.5554532178082412,0.24799865707117055,1.5364823637312477,0
2016-10-05,1.6070093491416388,1.506517882315689,1.608557235525926,1.5079166521039757,1.5542209123078043,1.5556904673445904,0.14484715593963626,1.542571032179458,0
2016-10-06,1.608226376300619,1.5068708307890648,1.6087953199856078,1.5073849649308708,1.5549840366175656,1.5555241887026345,0.1676856599517759,1.5406069405271765,0
2016-10-07,1.6106284410140337,1.5060019807330225,1.6080372478447897,1.5036604117667562,1.5556678810367597,1.5532078161303156,0.22975189110372948,1.528724428975736,0
2016-10-10,1.6230021826711047,1.5005556499347419,1.6178035983813643,1.4958578744906492,1.5586806908764759,1.5537451828154873,0.21336258576934425,1.541981694966739,0
2016-10-11,1.6153494128830606,1.5037356174804168,1.6084483479767948,1.4974993709471585,1.5567183870408192,1.5501665530075615,0.24947763800718767,1.5200824884011463,0
2016-10-12,1.6072875088712575,1.503474275985727,1.600528968896795,1.4973668241564646,1.5527541394242224,1.5463376177973047,0.2548690829356378,1.5151723376397532,0
2016-10-13,1.5992465974689969,1.5024582029311944,1.5926891348189633,1.496532457517452,1.5484033944321032,1.5421777745392518,0.2502170873718408,1.509574888027889,0
2016-10-14,1.598748904397252,1.4946067118239763,1.5945851271845994,1.4908440546746298,1.5440427315446554,1.5400896637762314,0.374753842280013,1.5167436423093024,0
2016-10-17,1.598298745591441,1.4896554312881192,1.5959074300757845,1.4874944846375668,1.541228121431357,1.5389578192979123,0.5065049759311081,1.5198860949097803,0
2016-10-18,1.579339301089505,1.4959590681760695,1.574277680028131,1.4913850615226905,1.5355394412868346,1.5307339653807532,1.0981211902841204,1.4801139834595303,0
2016-10-19,1.5702002570775686,1.4932374065374292,1.5651517033934195,1.488675208407376,1.5297714654337304,1.5249783956255472,0.39837478976661267,1.4854169212036556,0
2016-10-20,1.5652407320555715,1.4876067259363996,1.5613207745470037,1.4840643999685437,1.5244593805874171,1.5207377939392117,0.34593923921141734,1.4879701933300353,0
2016-10-21,1.5536310241709883,1.486702648784838,1.5487744496294824,1.4823139353675105,1.5184733692172383,1.5138625633780987,0.3795691825783921,1.4694098328562866,0
2016-10-24,1.5528096026633647,1.4752760896612123,1.5505451660658935,1.4732297989694756,1.5120810404988951,1.5099311965303224,0.22930476880307935,1.4786409539049745,0
2016-10-25,1.5507386106345056,1.4697707770572506,1.5497561005923006,1.4688829177300575,1.5082059906681937,1.5072732009002419,0.2276538114278344,1.481685131390459,0
2016-10-26,1.5511000254895986,1.46476531690386,1.5521808442316096,1.4657420143012176,1.5057481716984773,1.506774295219104,0.2417730606470967,1.4908181340627742,0
2016-10-27,1.5514706545927217,1.4637323317628754,1.5554306410465024,1.4673108304626512,1.505381478477582,1.5091410683918232,0.363669993654464,1.5059413733296858,0
2016-10-28,1.5538774055238576,1.4580860129079527,1.5603933039135942,1.4639741981802237,1.5035579302684325,1.509744089275337,0.3142439485790447,1.498674343933279,0
2016-10-31,1.5571315094261273,1.453107823577763,1.5673442882906388,1.4623367480486686,1.5024875884737163,1.5121835459886053,0.30553332549081313,1.5092802194215298,0
2016-11-01,1.5591244638357233,1.4552122021170608,1.5675705212875244,1.462844603379607,1.5045390742772538,1.512557715952297,0.2744657653029642,1.5004418853555739,0
2016-11-02,1.560128746467097,1.4556064478260322,1.5665826913414171,1.4614386479132646,1.5052229028784327,1.511350243549863,0.2643621494983294,1.4921928885023368,0
2016-11-03,1.560983157685951,1.4564380017114202,1.5663063651316635,1.4612483946623689,1.506065307078761,1.5111191316960668,0.24754290306587462,1.4963174652982656,0
2016-11-04,1.5697538718152957,1.453794831635717,1.5720688963386176,1.4558868368340547,1.5088402772467757,1.5110381491210072,0.21242526485152605,1.4969066457723639,0
2016-11-07,1.568773474373526,1.464396992366171,1.5718870322220022,1.46721060368593,1.513944228653328,1.5169002237864333,0.3271765439262928,1.5292153343348411,0
2016-11-08,1.5728892657883433,1.4687714337694593,1.5755325662832345,1.4711600902698,1.5181958896002532,1.5207054249223788,0.3372371656211206,1.523814278214343,0
2016-11-09,1.5761658823502405,1.4714703897195651,1.5782735418596796,1.4733750065413973,1.521169059494686,1.5231700601361848,0.4646545258863589,1.5202788818925126,0
2016-11-10,1.559938599817479,1.4990956577118697,1.5672668293406349,1.5057179176933992,1.5279776392745363,1.5349350211055266,0.6634679213383713,1.5734066911873792,0
2016-11-11,1.5535902413263654,1.5211708063300047,1.564010258990929,1.5305870051224733,1.5365602252409392,1.5464529341618265,0.38235525021790945,1.5837180548078909,0
2016-11-14,1.5562694302246776,1.527277370933384,1.5660893258564277,1.5361512608217196,1.5410398237822525,1.550362780061757,0.4468377832236983,1.5536679697654339,0
2016-11-15,1.5626300413077439,1.532622995167141,1.570554405947284,1.539783961218444,1.5468672595532822,1.5543906088685662,0.2989810395975751,1.5581851768054744,0
2016-11-16,1.5743954495539172,1.5358390094433534,1.579305598340847,1.5402761359979047,1.5541416482352521,1.5588033171758466,0.19371427758756515,1.5642738452536844,0
2016-11-17,1.5881433310774806,1.537433305771891,1.5900682051643786,1.5391727459183642,1.5615052188851029,1.5633326840261454,0.19443654574963765,1.5692821143914504,0
2016-11-18,1.606901306503828,1.5355000942469614,1.6055400332150633,1.5342699600657617,1.5693940583549981,1.568101672790881,0.25638250848352706,1.5750761142333012,0
2016-11-21,1.610810367291598,1.5452685014639036,1.6107167625060652,1.5451839141535095,1.5763810495246544,1.576292181642978,0.3987360060543598,1.5984485070920702,0
2016-11-22,1.6221589671960202,1.5491630151987397,1.6211049258021384,1.5482105155370516,1.5838139979877588,1.5828132967379231,0.23825617534757204,1.5974663828966194,0
2016-11-23,1.6438686469483776,1.543072020587932,1.6396401849262854,1.53925091008043,1.5909199089932662,1.5869054298134617,0.1937056458829194,1.590690415597938,0
2016-11-25,1.6431192959432768,1.54925817771587,1.641570899738408,1.5478589472208841,1.5938137989971315,1.592343759939418,0.13803690538755656,1.602081865051653,0
2016-11-28,1.6395817533291102,1.5585865239537007,1.6419466694736429,1.5607236144329395,1.597034742276609,1.5992799809886058,0.38259595146745967,1.6156339563876359,0
2016-11-29,1.648185303985493,1.5608487371286004,1.6490953287359045,1.5616710940795948,1.602307171359624,1.603171143980058,0.27070809654717837,1.6059117732412225,0
2016-11-30,1.6578545279218124,1.5588086177354754,1.655925792518973,1.557065688255329,1.605825445864758,1.6039943148110563,0.3781590086594083,1.5930472942329517,0
2016-12-01,1.6601767012855213,1.5577100578146785,1.6538489576243134,1.5519919012683274,1.6063506988667882,1.6003431729506656,0.39861557322287383,1.5694785078828164,0
2016-12-02,1.6610722947104497,1.5573158083856862,1.6517479662955463,1.5488897449386363,1.6065687343838624,1.5977162669638605,0.23568507825708948,1.5714425995350978,0
2016-12-05,1.659021118142037,1.5581317174676361,1.6476654389828491,1.5478699947116337,1.6060236455911758,1.5952426246623088,0.2964100247138035,1.5696749013741826,0
2016-12-06,1.6553192105416774,1.5569112986933489,1.645325961254825,1.54788075528192,1.6036252707213703,1.5941377334108628,0.24584031987617697,1.574683327250569,0
2016-12-07,1.6528871415279112,1.5631087547726468,1.6481556715018786,1.5588330938496098,1.6057263143655194,1.6012342820828274,0.38136638569234943,1.6182853468903884,0
2016-12-08,1.6511079974152931,1.571093362719987,1.6500458054569456,1.570133497683522,1.609076095376176,1.6080676560241225,0.28087188766420074,1.623882953240873,0
2016-12-09,1.6474691866701934,1.580758515272188,1.6509692655629833,1.5839214118914438,1.6124258922048476,1.6157488483457247,0.27059629542033814,1.6352745594332083,0
2016-12-12,1.6466265164874112,1.583368924968094,1.653787246886267,1.589839821957473,1.6133971341363549,1.6201954931965068,0.29169785383761887,1.625257864419056,0
2016-12-13,1.641289881681749,1.5971719009445795,1.652609133247036,1.60740070538156,1.6181145881673846,1.6288610249338493,0.5101079316569577,1.6526564022201402,0
2016-12-14,1.6405446564306343,1.609712338331327,1.6531833169488115,1.6211334456404254,1.6243483571045936,1.6363474336590835,0.35463259889035736,1.6548168873637876,0
2016-12-15,1.6511136433757647,1.6156320511325937,1.6607141572859219,1.6243076935737126,1.63247506788222,1.6415897443311,0.2913797138663896,1.6500050117173877,0
2016-12-16,1.6657300001605222,1.615083176346302,1.6703954144294486,1.6192991450346113,1.6391250878809362,1.6435544071818815,0.6122877494655126,1.6373367694618626,0
2016-12-19,1.68654197784541,1.6091808034460278,1.6856654275309797,1.608388696150438,1.6459039456108313,1.6450717534404993,0.25417254547408075,1.6368457073641371,0
2016-12-20,1.7154855517095922,1.5967037187082407,1.7100946086285023,1.5918321154764095,1.653089136506906,1.6479710040404265,0.18699001525509934,1.6458804349214589,0
2016-12-21,1.7221885702525628,1.595438523881604,1.7161322411145608,1.5899656349718296,1.6556064312125627,1.649856584790028,0.30746806043212616,1.643228887680086,0
2016-12-22,1.7274154560582844,1.5939224831034888,1.7206970575282414,1.587851305667672,1.6572912396132191,1.6509128280584806,0.24099061717263665,1.6405774971773337,0
2016-12-23,1.7278972145430336,1.5938455906487772,1.7212264492664555,1.5878174576873743,1.6574795372623237,1.6511463484631173,0.14628314276584642,1.6371403759704963,0
2016-12-27,1.7342047364452877,1.5912397956835904,1.7268393742131096,1.5845839801956199,1.6591048699270399,1.6521122345011303,0.12016853691044327,1.641363071142798,0
2016-12-28,1.7315935772928792,1.5896374558293649,1.7254496970947772,1.5840854501452302,1.6570236462555328,1.6511906793258004,0.1511242959714519,1.6320338317177372,0
2016-12-29,1.732692512411445,1.5850408914668246,1.7285264334658268,1.581276154323387,1.6551307202331298,1.6511754672117653,0.1430414033277441,1.6360601333986726,0
2016-12-30,1.7314430104331928,1.5823401124874399,1.7282251524794037,1.5794322488777792,1.653118858556861,1.650063841462806,0.25390603131730416,1.6300697400654558,0
2017-01-03,1.7316525432278038,1.5830186286350634,1.7292740829458366,1.5808692988012802,1.6535747495636524,1.6513166521201699,0.25231524925444676,1.6418541332405234,0
2017-01-04,1.7263979879750377,1.5926345284592396,1.7263347571517793,1.5925773890166033,1.6561316842145923,1.6560716532098994,0.2907605329198007,1.662182035136567,0
2017-01-05,1.7250842766782355,1.5958969846864213,1.7269077421610997,1.5975447854897005,1.6572218459819508,1.6589530343378598,0.23064621791174073,1.6566827039010756,0
2017-01-06,1.7227402172158455,1.6021658620849637,1.7263256075225917,1.6054058515901375,1.659402185334682,1.6628061356747121,0.2532783008727804,1.6648335823779399,0
2017-01-09,1.723470552584286,1.602619011297625,1.7261924388515875,1.6050786829611925,1.659986914072652,1.6625710583058952,0.2742937888637364,1.6463714970191843,0
2017-01-10,1.71962216768768,1.6038515548739225,1.7193409946946923,1.6035974688558106,1.6588075545193983,1.658540610386904,0.35415966368248086,1.625454257910422,0
2017-01-11,1.720222844980142,1.604459602047213,1.7200639662760222,1.6043160290217113,1.6594121032300102,1.6592612646398868,0.30951459650027946,1.6473534644760148,0
2017-01-12,1.7233560705056155,1.6049487192139116,1.722360605856044,1.604049153269497,1.6611563715485922,1.6602112827458415,0.25173051291973,1.6493175561282962,0
2017-01-13,1.7249759665284474,1.6048809985256351,1.7228689742487628,1.6029769846555648,1.6618897579903833,1.659889390813237,0.24725049379516076,1.6433271627950794,0
2017-01-17,1.7298628329985137,1.6040495569806479,1.726538939452734,1.6010458727835948,1.6637727819354728,1.660617095218718,0.2851111233325088,1.648728375654198,1
2017-01-18,1.7288151092082182,1.6042605562504468,1.7244566608222112,1.6003219816961132,1.6633862687419356,1.6592483812049392,0.3446236030099823,1.638024225050954,1
2017-01-19,1.7277707325680043,1.6005820406034987,1.724809220419321,1.5979058275666294,1.6609581718221742,1.6581465280615086,0.5987703355768367,1.6381223434273269,1
2017-01-20,1.72341519009881,1.6080082932975974,1.7246713547902777,1.609143444583489,1.6627916379266519,1.663984233951863,1.0911905069005545,1.6748502773920921,0
2017-01-23,1.7197974056449463,1.614107530106144,1.7254296652088947,1.6191972024476105,1.6642782307828756,1.669625467824758,0.4710606482475954,1.6795640346621192,0
2017-01-24,1.701842677352446,1.6458973895971258,1.7129675869461805,1.655950574117061,1.6724544677650843,1.683016397305403,0.5978244651610837,1.7273887494742401,0
2017-01-25,1.695131262427915,1.6760547194705644,1.7090021241541853,1.6885893231192306,1.6851103032886063,1.6982792250656322,0.5092652306633991,1.750859260709382,0
2017-01-26,1.692150138068938,1.6993319642912932,1.708487851485534,1.714095773940889,1.6959227706303375,1.7114337081801754,0.2634592731923833,1.7544927754075854,0
2017-01-27,1.6975308856316227,1.7121097177200246,1.7128634650815022,1.7259652236077327,1.7051891851979193,1.7197458539471355,0.29943679360287107,1.741137234301589,0
2017-01-30,1.7098281631418606,1.7169581333878206,1.7206458445647559,1.72673368675353,1.7135735556198892,1.7238438043815139,0.3521045781163927,1.7264067820174096,0
2017-01-31,1.723131592007518,1.717444752378432,1.7281304880605375,1.721962076676086,1.7201442799100233,1.7248902050293702,0.35590524098198545,1.7138368148768777,0
2017-02-01,1.7444795778936983,1.7122843269573877,1.7421250172324922,1.710156594359559,1.7275673262958142,1.7253319190241838,0.2403972491332741,1.7115782113568574,0
2017-02-02,1.7735810881823157,1.700645575896774,1.7640465854383067,1.6920295853951222,1.735267868116605,1.7262158623150554,0.22533212949825873,1.714425995350976,0
2017-02-03,1.7892358429988613,1.6964415556590882,1.7773153298707849,1.6856694125653273,1.7404907551770228,1.7291734839055244,0.2845608316096641,1.7266031755087758,0
2017-02-06,1.80795135661149,1.6886415038300966,1.793613649314547,1.6756850284686995,1.7452775712032913,1.7316654287436963,0.22793758899390248,1.7269959624915079,0
2017-02-07,1.807312060759537,1.6940490576699927,1.7973842905443111,1.6850776853631655,1.7478147016996046,1.7383893298687407,0.3330753686744916,1.7525288404939243,0
2017-02-08,1.807899945892647,1.6895181248720499,1.801633441481771,1.6838553080548233,1.7457136580554555,1.7397642723553646,0.250492315439974,1.730040296715613,0
2017-02-09,1.8104679892099493,1.684461843231705,1.8088739267260368,1.683021345747024,1.7442766230398434,1.7427632286615709,0.2657637739193784,1.7402533852211315,0
2017-02-10,1.8078969683129962,1.6893887435329287,1.8102368458518825,1.6915032075161434,1.7456442802422016,1.747865747436201,0.25200565878115233,1.7546891688989514,0
2017-02-13,1.8057980985779358,1.6980018814317355,1.8101096877520335,1.7018981109854363,1.7491724568246494,1.7532658564770176,0.2659959256709938,1.7613670178212597,0
2017-02-14,1.8081515890687825,1.7064592199763073,1.8127221975554622,1.710589516056273,1.7547323150560075,1.7590716262554336,0.23874629175802914,1.7689287158240257,0
2017-02-15,1.8115998296592655,1.7172854737811822,1.8164013400979484,1.7216244277302248,1.7620562457605742,1.7666147740356297,0.25059548486216854,1.7841500734673101,0
2017-02-16,1.8196510500912153,1.7229334230040592,1.8233280781300996,1.7262562222635427,1.768845021385798,1.7723359720975544,0.27959069607463777,1.7816950764559238,0
2017-02-17,1.8271011659781697,1.7253512705036183,1.829203361245423,1.7272509494844284,1.7736516732027232,1.7756474861219784,0.3054731501784256,1.774231653568151,0
2017-02-21,1.8373318152433744,1.7244074659082087,1.836916568749479,1.7240322224431528,1.7780123519081856,1.777618119112545,0.3852530367775561,1.7702053518872156,0
2017-02-22,1.839272404822544,1.7277289028693177,1.8394365804981463,1.727877262579265,1.7806783043176633,1.7808341718241214,0.2597274173438239,1.7789454108381781,0
2017-02-23,1.8526200726119013,1.726005931212816,1.8507843009552047,1.7243470097586018,1.7861093248178421,1.7843664530464558,0.19626811126875618,1.7838555615995713,0
2017-02-24,1.8654205024329333,1.7222493497559106,1.8617377207905044,1.718921351169853,1.7902123122429316,1.7867158990908085,0.2837697564305583,1.780909345751839,0
2017-02-27,1.8688882322970408,1.720474076870971,1.8627775364445542,1.714952058697911,1.7909258787120808,1.7851244168222122,0.31740833150217884,1.761759804803992,0
2017-02-28,1.8707286727793295,1.7196787998357321,1.8635634178333373,1.713203814174275,1.7913817697188719,1.7845791150779198,0.2814738052014981,1.7658843815999208,0
2017-03-01,1.8716968952320787,1.7222375448875065,1.8662045248945534,1.7172742854569705,1.7931854979553794,1.787971070995276,0.25844622575426096,1.786801620708683,0
2017-03-02,1.8711750035642414,1.7205395161776604,1.8671111281472041,1.716867136722414,1.792045778347409,1.7881875568082828,0.25093080603597845,1.772856742389968,0
2017-03-03,1.8696904471255575,1.7192774665389159,1.8663426793145794,1.7162522080188272,1.7906781053270362,1.787499752510865,0.1566705361365493,1.768142985119941,0
2017-03-06,1.869427124904002,1.7191380855794363,1.8664925537438841,1.71648621815427,1.790479889782603,1.7876938236520818,0.2755406180481381,1.7722675619158696,0
2017-03-07,1.869663449370863,1.7191509110323087,1.8666000464857286,1.7163826229663541,1.790598809618454,1.7876904313387223,0.2562878885592674,1.7713837128354122,0
2017-03-08,1.8666256025443666,1.7186887952605605,1.8635687760765687,1.7159264500686946,1.7889140012177975,1.7860118665534361,0.30589445957184935,1.7622508669017174,0
2017-03-09,1.8541281157233451,1.721548988136452,1.849982480163114,1.7178027249521757,1.7844839446990812,1.7805481005182293,0.46812849928278755,1.739958716614772,0
2017-03-10,1.8487517813072332,1.719766417219152,1.8448056914827675,1.7162004764082774,1.7809954238799321,1.7772490273510788,0.26658929371035633,1.7463420536693415,0
2017-03-13,1.8388580675651727,1.7231602880111627,1.832537646464436,1.717448748601873,1.7780817139034244,1.7720811399869656,0.2994281618982253,1.7328882374483519,0
2017-03-14,1.8277172770156722,1.725492573728147,1.819818635614608,1.7183548528511683,1.7740183664236187,1.7665194386130707,0.2706479212347908,1.7256212080519453,0
2017-03-15,1.822538064207391,1.7185888343569589,1.8164266733467342,1.7130661881297724,1.767933255190231,1.7621311334633307,0.3280880519368847,1.726505057132403,0
2017-03-16,1.8215743267567022,1.7132526734220128,1.8178296085811407,1.7098687049972017,1.7646726719654697,1.761117456600762,0.3707640217726118,1.7405480538274907,0
2017-03-17,1.8170380236847932,1.7090507303127909,1.8139950337327262,1.7063008886873212,1.760312009078022,1.7574230107275337,0.5091362483339782,1.7249337524628539,0
2017-03-20,1.816242321851818,1.7007704782850848,1.815089728954339,1.699728921140095,1.755584652969679,1.7544903874505509,0.21291546346869408,1.7254248145605793,0
2017-03-21,1.8122711519994565,1.6920958930476737,1.81192218869639,1.6917805473410992,1.749142766410724,1.7488114625211875,0.33773591373622347,1.707551909675922,0
2017-03-22,1.8138869948588063,1.681825066862601,1.8152270905188221,1.6830360635750679,1.7445145101655897,1.7457867898024817,0.29670235177780646,1.7163900870032573,0
2017-03-23,1.81183203253004,1.6792295841520675,1.8131049691183212,1.680379891603678,1.742175611031724,1.7433841302058746,0.3215959413560342,1.7167828739859896,0
2017-03-24,1.809543909394345,1.6737506825472372,1.81104281842069,1.6751051932417715,1.7382113634151273,1.7396344196107945,0.277028230688801,1.7070608475781965,0
2017-03-27,1.8059819649579945,1.6718944062163517,1.806943582595725,1.6727633858218285,1.7355454110056496,1.7364583656367738,0.2802356077217421,1.7064716671040983,0
2017-03-28,1.8048518856708162,1.670632783266144,1.8057440061866359,1.6714389607981044,1.7343462314797542,1.7351932059158313,0.3030138542147833,1.7137386965005048,0
2017-03-29,1.8027867988840107,1.668970893945824,1.803458830260005,1.6695781847619096,1.7324929454026348,1.7331309683890088,0.265325283323374,1.7081410901500202,0
2017-03-30,1.8065100843372084,1.6592294046089848,1.8087813848681535,1.661281897992902,1.7291431485739632,1.7312995091241865,0.2724364926441024,1.7073553594459354,0
2017-03-31,1.8073367003299952,1.6556335970827625,1.8101373846973792,1.658164475782511,1.727646653640426,1.7303056083675408,0.2505438590477158,1.7101051818023016,0
2017-04-03,1.8103485815289913,1.650647882213654,1.8142286572129198,1.6541541683972125,1.726457376191844,1.730141099249498,0.3685885033750376,1.7136404213855116,0
2017-04-04,1.811137592902837,1.6511423193940098,1.814245773755051,1.6539510717137802,1.7270916469524111,1.7300425371940849,0.2673287430750094,1.7138368148768777,0
2017-04-05,1.806173766759291,1.6520433367667358,1.8080677171899564,1.6537548323066018,1.7252086388253365,1.7270067452128988,0.5364718704665568,1.6977316081531357,0
2017-04-06,1.8009929841593384,1.6522536661465133,1.8019285708243793,1.6530991224892186,1.7228598217961426,1.7237480627613175,0.295403896778952,1.6935087562422138,0
2017-04-07,1.7955735530834862,1.65396258357065,1.7948766453066685,1.6533328128372615,1.7211849312908143,1.7205232907828325,0.3085515448819458,1.6904645787567292,0
2017-04-10,1.7870483929634071,1.6568177719141302,1.7844710879896708,1.6544887532154335,1.7186378987171875,1.7161910191891196,0.3258867206320841,1.6812334577080412,0
2017-04-11,1.7784212173361824,1.657199318314568,1.7750361352122408,1.6541403401790256,1.7147430289138443,1.711529250088945,0.42064573864661614,1.6751449459984515,0
2017-04-12,1.772259881356414,1.6565788922587787,1.7684330984922627,1.6531207648981117,1.7114923477663968,1.7078592206261969,0.2817747639701468,1.6759305199639158,-1
2017-04-13,1.7632311630552298,1.6565686568399125,1.758616881054311,1.6523988945608215,1.707201062692203,1.7028202880924421,0.2756352379723978,1.6648335823779399,0
2017-04-17,1.7620549434177846,1.651896155743312,1.7592513944711263,1.6493626884253123,1.7041882370344714,1.7015265626911475,0.31989335816633657,1.6802514902512107,-1
2017-04-18,1.7607660681299266,1.644665286326253,1.7595000065101627,1.6435211915387986,1.699778016306412,1.698576024190523,0.5456382475600843,1.669940126630699,0
2017-04-19,1.713987438820151,1.6627317822208825,1.7077046077950375,1.657054211623939,1.6870627050469496,1.6810978189468098,1.6582226399419226,1.5878424748651991,0
2017-04-20,1.6890394836258062,1.6653156212905986,1.6798961557408352,1.6570531215750368,1.6765772751628156,1.6678966486757936,0.5577883994328724,1.593832868198416,0
2017-04-21,1.6629111372826448,1.6661550743845481,1.651346734088941,1.655704735153503,1.6646151861358012,1.6536360037272961,0.4822047543922429,1.5749779958569283,0
2017-04-24,1.6459559669396882,1.6599879548898009,1.6346939594449927,1.6498108798803255,1.6533270078146372,1.6426349182619715,0.4575089541604693,1.5786115105551315,0
2017-04-25,1.632290946681311,1.6519418908877381,1.6221494091739168,1.642777344693574,1.6426136403361151,1.6329853189838297,0.41793710972877784,1.5750761142333012,0
2017-04-26,1.621792974493819,1.6415809867641151,1.6136908428171923,1.6342593789736288,1.6321876703699065,1.6244955499824192,0.3721398332864344,1.57183538651783,0
2017-04-27,1.6172923482366224,1.6261401000498819,1.6131610632850206,1.6224068049994418,1.621940095975489,1.6180178761855528,0.35449506706300166,1.5743886586442095,0
2017-04-28,1.6155735728697538,1.6102606860143553,1.6154484636776365,1.610147629293948,1.6127826991664445,1.6126639211700162,0.3572036959808399,1.5740941467764706,0
2017-05-01,1.6237246887873706,1.5797645244910294,1.6290315703497296,1.584560164322735,1.6006322966723103,1.6056706215834646,0.4243776767018865,1.5598547565900167,0
2017-05-02,1.6540072272207942,1.5317405031218874,1.6652113587992614,1.5418652777274626,1.5897801893852959,1.600417331853301,0.27586738972401315,1.5624080287163964,0
2017-05-03,1.6501789701645713,1.529426823196615,1.6591580778175186,1.537540922938179,1.5867475437549228,1.5952722604338592,0.3433767738255805,1.5577923898227422,0
2017-05-04,1.6524432871277972,1.5212490456260237,1.6611781965437593,1.5291424721193987,1.5835266004754454,1.5918194766570566,0.3680812057619999,1.561916966618671,0
2017-05-05,1.6295655902755255,1.531866959453363,1.6332969270459667,1.5352388355790252,1.5782442376790873,1.5817867488094965,1.0766843106930297,1.522635760527526,0
2017-05-08,1.6052875580993098,1.5392412165443876,1.6045976633612595,1.5386177832443222,1.5705932378808936,1.5699382555143286,0.6442237413474354,1.5027987639905875,0
2017-05-09,1.5847476166118546,1.5421810079966243,1.5807440275227072,1.5385631071484354,1.5623872630307145,1.5585862770081604,0.589277269014145,1.493764193171886,0
2017-05-10,1.566445144755087,1.5420989423022762,1.5602228626246937,1.536476087584682,1.553656019360491,1.547748618056465,0.4299324663649187,1.4853186460886625,0
2017-05-11,1.5516989184306555,1.5371807190964417,1.5450924204225605,1.5312106621763055,1.5440724694126255,1.5378002956136532,0.483933068282456,1.4794265278704388,0
2017-05-12,1.541494268957613,1.5276867572981352,1.536138304272597,1.522846762796872,1.5342411460797154,1.5291562219149892,0.31947204877291274,1.4766768622526931,0
2017-05-15,1.5370564484060638,1.5178679132698345,1.5340664625316438,1.5151659695412785,1.526976659475059,1.5241379829117943,0.3650629863708672,1.487871918215042,0
2017-05-16,1.5405532366301669,1.504482341770345,1.5430150544309187,1.5067069988245794,1.5216050988928054,1.5239423355178372,0.47411323004388933,1.5091819443065364,0
2017-05-17,1.5420603624078928,1.4885932307984902,1.5471720726979539,1.4932125013036077,1.5139739348852683,1.518826965236594,0.4464078421256288,1.4821761934881845,0
2017-05-18,1.5557333077525328,1.4606349053481822,1.5647848792163608,1.4688144880544085,1.505777862112403,1.5143713755449935,0.28154261221853144,1.4807031639336286,0
2017-05-19,1.5615086123096935,1.4496239786490863,1.5722026913258058,1.459287836922622,1.5027353144047164,1.512888215703833,0.4852315232813105,1.4924875571086962,0
2017-05-22,1.5621017885139905,1.4483521550441998,1.5731774524277715,1.4583608379973394,1.502348801211179,1.5128639771669001,0.28394173286978613,1.4989688558010181,0
2017-05-23,1.5621014794295285,1.44820148193698,1.5720820083472618,1.4572205304039474,1.5022695055025972,1.5117449661628422,0.2205167891998796,1.4929784624678013,0
2017-05-24,1.5627889514882423,1.4499574147693328,1.5714008580060548,1.4577396879251312,1.5035182428691043,1.511694340758491,0.32094239800428415,1.4976922197378282,0
2017-05-25,1.564979547632363,1.4527887855595947,1.5721955195378436,1.459309602330755,1.5060454396520746,1.5128962447025294,0.22208175835551064,1.5044681870365095,0
2017-05-26,1.570166464012692,1.452101235933797,1.5748576389244835,1.4563404835974447,1.5081464832962237,1.5126002596134316,0.21009503342401556,1.4974958262464622,0
2017-05-30,1.5706940253195343,1.4520395640202635,1.573458002345292,1.4545372716029348,1.5083645188132984,1.5109886237870194,0.31523281310460466,1.4900324033586894,0
2017-05-31,1.5723698357728124,1.4485442331795682,1.5765491799226092,1.4523209576155027,1.5073239148865523,1.5112917618216644,0.3046906244972546,1.4988707374246453,0
2017-06-01,1.5761972752603497,1.448368283341403,1.5788974097849473,1.4508082987299071,1.5090483632324923,1.5116118564777985,0.25092225653804356,1.4992635244073773,0
2017-06-02,1.5821323589677587,1.445401016795829,1.582605871605641,1.4458289132997102,1.510307018494328,1.5107565688547713,0.3083279426282653,1.4931750126977876,0
2017-06-05,1.5830689890934044,1.4453658700653356,1.5830398113947306,1.4453395032183816,1.5107331716331491,1.5107054704824165,0.34181180466994954,1.4967102522809979,0
2017-06-06,1.5829065600891976,1.4450032735396554,1.583039272026494,1.4451232005900638,1.5104655940934772,1.5105915900954288,0.32651445107660787,1.4963174652982656,0
2017-06-07,1.5779197960897458,1.4475286739046163,1.5764122492081167,1.4461663574879502,1.509424990166731,1.5079937332375546,0.4183928637340738,1.48266725558591,0
2017-06-08,1.5775239626349844,1.4471128525232393,1.5763313138203647,1.4460350982727592,1.5090186570005522,1.5078863626083845,0.3189303065480029,1.4936659180568927,0
2017-06-09,1.5746575261597775,1.4514011454254705,1.5762287972380662,1.452821047128741,1.5099106190414922,1.5114023753814245,0.3750376198460811,1.5133065211024652,0
2017-06-12,1.5694608620432373,1.4611722643155878,1.5733039610981374,1.4646451360366364,1.5125765714509698,1.516225189095214,0.5564727632314372,1.5239123965907158,0
2017-06-13,1.5709970135377778,1.4645384526159586,1.574600670018982,1.4677949486123318,1.5150740461839847,1.5184953383321411,0.3029794918096221,1.5147795506570212,0
2017-06-14,1.5716413550991521,1.4661824085265693,1.5751345166934014,1.4693390542295344,1.51624348784191,1.5195598767366285,0.2621867133074662,1.5104585803697264,0
2017-06-15,1.572280302542809,1.468529329844065,1.575851041576677,1.471756079515831,1.5177796385387459,1.5211696790388343,0.40021498699037694,1.514485038789282,0
2017-06-16,1.5736343497903422,1.4735882428706346,1.5773179070832664,1.4769169423844157,1.5210798617087904,1.5245770112593364,0.5797325766370007,1.5258764882429972,0
2017-06-19,1.5760838574498006,1.4759592610916907,1.5791422820045522,1.4787230504178113,1.5234881386559098,1.5263917905354596,0.3980824627026097,1.5205735504988718,0
2017-06-20,1.5795419766857686,1.4777018273341982,1.5816799187563932,1.47963380942788,1.5260450733068498,1.528074824049628,0.38537338740233124,1.5216537930706955,0
2017-06-21,1.591612704254481,1.4720954028948345,1.590066093366042,1.4706977857267116,1.5288299455521783,1.5273616014643143,0.3404875367638687,1.5102621868783601,0
2017-06-22,1.6015851464067359,1.4674229493893518,1.5981807143139732,1.4643464853762502,1.5311093847681188,1.5278772351865337,0.204351003912464,1.516252580211577,0
2017-06-23,1.6016107808292033,1.4674186648189418,1.5980898780025954,1.4642369503524633,1.5311193026634469,1.5277765763914162,0.28223051797544274,1.5134047962174584,0
2017-06-26,1.6015247890034814,1.4675907140646112,1.5999906612246966,1.4662043774380225,1.531168860504059,1.5297123678135927,0.18517563093856143,1.5244034586884412,0
2017-06-27,1.6020913435524895,1.468022063522065,1.6007924913170717,1.4668483370232772,1.5316643914561334,1.5304312681054957,0.2052108861086031,1.5196897014184143,0
2017-06-28,1.6040163821978595,1.4691313288805479,1.6028426488933876,1.4680706679027997,1.5331609022076857,1.5320465660994678,0.19097983576250055,1.5252873077688989,0
2017-06-29,1.603736468884791,1.469214473923089,1.6017901539474497,1.4674556584438136,1.53307170442179,1.5312238834522565,0.28051075358316446,1.5136011897088246,0
2017-06-30,1.6020726558527039,1.4677936871311652,1.6004659725823793,1.466341784691368,1.5315355537249544,1.5300101772397077,0.3071069263510899,1.5106549738610924,0
2017-07-03,1.6011242650186304,1.4700468357906398,1.6010206177968573,1.4699531734883367,1.5322689401667453,1.5321705380499289,0.24270174986026916,1.5278405798952785,0
2017-07-05,1.5988031276435368,1.4697294575360653,1.5982723046350413,1.4692497716917112,1.531000382827596,1.530496422308468,0.30649637710914673,1.5090838259301635,0
2017-07-06,1.5922222103989714,1.4729784962366645,1.5892550425232834,1.4702971723207636,1.5295831677846259,1.526766154507056,0.2371125155853648,1.4962191901832724,0
2017-07-07,1.5887901660772359,1.4733253997228049,1.5852331762934977,1.4701110747586197,1.5281362148736857,1.5247592278379767,0.21153965195487148,1.5019149149101299,0
2017-07-10,1.5875098642209173,1.473180552643156,1.5838546461194551,1.4698774622472304,1.5274523704544918,1.5239821259804258,0.27569541328478536,1.506628672180157,0
2017-07-11,1.5861821826893767,1.4705315715093878,1.5835502705051676,1.4681532062197478,1.5254306067009098,1.522931883379906,0.2964443871189647,1.5043700686601367,0
2017-07-12,1.58590032724497,1.4688052834943066,1.584427363555053,1.4674742186761043,1.5243899869561486,1.5229915631238224,0.26638287265925636,1.5093783377979026,0
2017-07-13,1.5871472166334557,1.4644900845755338,1.587357016465213,1.464679673210222,1.5227150964508203,1.5229142792865928,0.21291546346869408,1.5086910389474315,0
2017-07-14,1.5871095786518459,1.464731629902424,1.588295715873402,1.4658034998582017,1.5228241142093575,1.5239502265299718,0.2800120054680616,1.5146814322806483,0
2017-07-17,1.5858457434982165,1.4643266687627838,1.586446105395538,1.4648691944239283,1.5220114478769995,1.52258142824446,0.40952752761590594,1.5026023704992213,0
2017-07-18,1.5905040400563557,1.4571362359259923,1.5934531342304725,1.459801227281586,1.5204455751302084,1.523245429332379,0.6506556766158983,1.5123245536456347,0
2017-07-19,1.5568224179985284,1.4759891085105339,1.5544732980665037,1.4738662925058623,1.5143604638968204,1.5121302220243131,1.2290812487561098,1.4487872623538836,0
2017-07-20,1.5400607489799953,1.4822688043771781,1.5332856173224856,1.4761463592349577,1.5097024856017311,1.5032702119198575,0.6201642210581204,1.4500638984170733,0
2017-07-21,1.5244929523087003,1.485281146478848,1.5150986676521578,1.4767918660681372,1.5038948856213583,1.4949760021204996,0.559740315576766,1.4443681736902159,0
2017-07-24,1.5082623621253946,1.4859303855296622,1.4974074524843661,1.476121190349331,1.4965313149715076,1.4862257219391257,0.333427953257593,1.433664023086972,0
2017-07-25,1.4967656059919825,1.4831130799236762,1.4860565674731896,1.47343570328044,1.4895938974604779,1.4794267936896974,0.3619157846503136,1.4356281147392533,0
2017-07-26,1.486289508910736,1.476845341942052,1.4768518780379989,1.4683168910997997,1.4813284626923735,1.4723684265261896,0.3381400419270667,1.427477236262389,0
2017-07-27,1.4789286198447644,1.4673474048843007,1.4717933916189758,1.460899553300311,1.4728449765891798,1.46607082915545,0.5529730591344932,1.4246292955296502,0
2017-07-28,1.4757881467316023,1.4514131876223266,1.472131955433466,1.4481092177832326,1.4629839153882995,1.4595127469665272,0.2626768297179233,1.4169694791505114,0
2017-07-31,1.4769743311298524,1.4346066612893045,1.4770936810992608,1.4347145136052986,1.4547184806201952,1.4548317908414519,0.3745388717309782,1.420701268963708,0
2017-08-01,1.4996652324460897,1.3976878777052921,1.5060281067156887,1.40343778053106,1.446096254708509,1.4521371334359425,0.27683907304699257,1.4268880557882908,0
2017-08-02,1.4978022205538968,1.3935605451532864,1.5034447430708264,1.3986594917597857,1.4430437891054941,1.448400769739929,0.3044756539482198,1.4185407838200605,0
2017-08-03,1.4999689685118447,1.3864708426472134,1.5061608919245142,1.3920662632730072,1.4403480988280464,1.446226677728184,0.26100860893338684,1.4233526594664603,0
2017-08-04,1.503009678221776,1.3801006854102733,1.5097498136777046,1.386191505731723,1.4384452549103153,1.4448443033859826,0.21921833420102516,1.4255131446101077,0
2017-08-07,1.4980153890976526,1.3798594929035857,1.5029872248255742,1.3843523637493635,1.4359477801773004,1.4406680143690391,0.3971194110842761,1.4089168757886403,0
2017-08-08,1.4882264224883106,1.3810079140550229,1.4912769819610345,1.3837645959866767,1.4319042526701364,1.4348004374829648,0.2836493235990723,1.395561334682644,0
2017-08-09,1.4793633871569125,1.3822440483712657,1.4804595379439753,1.3832346007915948,1.4283463382197186,1.4293870179017398,0.2515843493877285,1.3922223318521798,0
2017-08-10,1.4732971301150224,1.3816320443619943,1.4732326500711506,1.381573776043188,1.425145214912883,1.425083997904835,0.38913105615811705,1.3929097874412713,0
2017-08-11,1.4684796100222568,1.3813631840501377,1.4672643379275478,1.380264985947304,1.4227171179931215,1.4215633451800949,0.2583086117201943,1.3929097874412713,0
2017-08-14,1.4662229773431863,1.378968793883344,1.4653378019746457,1.378168892433587,1.4203881209365696,1.4195477401860943,0.1933531435065289,1.3976235447112983,0
2017-08-15,1.4654449318044969,1.373577991397591,1.465719980705017,1.3738265432914862,1.4171869818117189,1.4174481117636488,0.4025538501225332,1.3951683909612915,0
2017-08-16,1.4652654657792994,1.370061211458974,1.4665828007581903,1.3712516401546655,1.4152544158440323,1.4165050866122586,0.282712084887965,1.3993912428722135,0
2017-08-17,1.4625700388926839,1.3644975787221685,1.4640843822964784,1.3658660369138167,1.4110523127377192,1.412490022248611,0.3802485388373686,1.381714574740302,0
2017-08-18,1.4603971326303204,1.3561600771305253,1.4622529884672575,1.3578371479430051,1.405641128028197,1.4074030676126552,0.3570832631493539,1.3718944299561362,0
2017-08-21,1.4587088696811443,1.3517616384557043,1.460654348433592,1.3535196983044773,1.4025292025072567,1.4043762296073343,0.27436259588076967,1.378081216780719,0
2017-08-22,1.457812625087478,1.3504962105338043,1.4595884862352992,1.3521009929952172,1.4014390249218835,1.4031250179772554,0.21878839310295561,1.384758908964407,0
2017-08-23,1.4577395468219212,1.3512603095819258,1.4601955985886024,1.3534797560765621,1.401805718142779,1.4041374805259692,0.34810612590434575,1.395855846550383,0
2017-08-24,1.4567392230340717,1.35423956868043,1.4604379145498725,1.357581944452329,1.4028958799101372,1.406407397810765,0.3088868660557557,1.4037120564208878,0
2017-08-25,1.4546156919794961,1.3597431435492033,1.4598055818864772,1.3644330621892986,1.404778888037212,1.4097061416978096,0.247035523246126,1.4115682662913929,0
2017-08-28,1.454596537077434,1.3601189086791383,1.4600964265199694,1.365088962857034,1.4049671856863162,1.4101887512444145,0.437336084956361,1.3994893612485864,0
2017-08-29,1.4542990492406294,1.3624064591566,1.4602936101367299,1.3678235303064121,1.4060276254037192,1.4117188293884617,0.25878154692807087,1.4056761480731692,0
2017-08-30,1.4542974404924802,1.3625211046527328,1.4604471650799669,1.3680783917033716,1.4060870853216445,1.4119256008833336,0.23526376886366568,1.3999804233463118,0
2017-08-31,1.4572223464282656,1.3642738695060548,1.4620100411126282,1.3686003386500483,1.408396262405555,1.4129416740775094,0.31440729331362677,1.4045959055013455,0
2017-09-01,1.4652101811594274,1.3653190558257573,1.4682941855832392,1.368105960768368,1.412737105320361,1.415665042590492,0.28820669923860964,1.4149072691218572,0
2017-09-05,1.4739778479607675,1.362508836864124,1.4746060083713326,1.3630764830514768,1.4154228777024802,1.416019249829418,0.26634851025409517,1.4046941806163389,0
2017-09-06,1.4814764974921593,1.361034066597485,1.480957000677197,1.3605646158307774,1.4182077657658234,1.4177145582741293,0.28146525570356323,1.4123539969954777,0
2017-09-07,1.484060952687723,1.3601324387192428,1.482462956685268,1.3586883866539705,1.418960972180256,1.417443843340562,0.3601358449456478,1.4033192694381558,0
2017-09-08,1.4826613752767925,1.3604727426930883,1.4804874952748364,1.3585082847710057,1.4184753591235097,1.416411489101348,0.2894535284230114,1.398900180774488,0
2017-09-11,1.4797761636052902,1.3651930685186433,1.4801175685197232,1.3655015839786466,1.4195853566815249,1.4199094846774043,0.3966980194841414,1.422567085500996,0
2017-09-12,1.4774950856581495,1.373385992393356,1.4791665733989052,1.3748964563246844,1.4228062999610023,1.4243932014631333,0.4504149260423215,1.4314052628283314,0
2017-09-13,1.4759177952626064,1.3801882868968485,1.4789147890047154,1.3828965633858081,1.4256308279696293,1.4284761577649165,0.3526376886366568,1.433664023086972,0
2017-09-14,1.4787671286347788,1.3832356328693605,1.4813179030113923,1.3855406768124827,1.4285841778914201,1.43100586941278,0.323049109384825,1.429244777684684,0
2017-09-15,1.4815892524366565,1.384062492501895,1.4830850314626272,1.3854141747265847,1.4303581840779722,1.4317782686680605,0.6360720416866943,1.4221742985182637,0
2017-09-18,1.4821081478637874,1.3844802988901632,1.4832664871980592,1.3855270488853895,1.4308239771620768,1.4319236983174963,0.25964142912421,1.4195227512768909,0
2017-09-19,1.4852890153113802,1.3841528116622226,1.4848597633039153,1.3837649119134439,1.4321618964964646,1.4317543669413089,0.29789755514775546,1.4179514466073417,0
2017-09-20,1.4865325574088406,1.386915557181354,1.4866349755040735,1.3870081087657855,1.4342034802226886,1.434300715413356,0.4684208263467905,1.4325837805151482,0
2017-09-21,1.4924510167730716,1.386019735242398,1.4911075291679299,1.3848056733499452,1.4365423793565542,1.4352668794251398,0.21975152692800015,1.4264951120669382,0
2017-09-22,1.5047473136663618,1.3799642080398862,1.501192114494842,1.3767515011881795,1.4391984138707035,1.4358231268326371,0.24010492206927114,1.4252184760037485,0
2017-09-25,1.50542737751249,1.381255158042881,1.5027017358238446,1.3787920927388164,1.4401993778521662,1.4376116682420277,0.44826522055197365,1.432485505400155,0
2017-09-26,1.5040533139804486,1.3840061636843752,1.503343515178434,1.383364743790707,1.4409922242118824,1.440318345033673,0.3859667554416938,1.4392614726988362,0
2017-09-27,1.5041798876977215,1.3832691838539208,1.5044390080048116,1.3835033416453248,1.4406651709362706,1.440911178366973,0.30119092040031054,1.4304232953715008,0
2017-09-28,1.5042156348015905,1.3834632940371627,1.504860379574181,1.3840459269217271,1.4407841065901363,1.4413962238214912,0.2386001282260277,1.4304232953715008,0
2017-09-29,1.5048663314504884,1.3833658102530357,1.5045568568972436,1.3830861491230482,1.4410417820524946,1.4407479685703846,0.22827291016771237,1.4247275706446434,0
2017-10-02,1.5064093587313911,1.3859522631757137,1.5063374135694403,1.3858872488956142,1.4431329236193302,1.4430646192681902,0.25566015811474363,1.440243596894287,0
2017-10-03,1.5100977327767082,1.3871283008216513,1.5097551123575108,1.3868186869532897,1.4455015606211659,1.4451762786315776,0.19800505686361503,1.4414219578424836,0
2017-10-04,1.5101172135188545,1.3882426742706335,1.510398692908676,1.3884970371686498,1.4460961914364496,1.4463634264604552,0.19299192721878172,1.438475898733372,0
2017-10-05,1.5116266913922687,1.389633125600185,1.511862683254274,1.3898463830396237,1.4475431443473898,1.4477671937562941,0.231007351992777,1.4408327773683853,0
2017-10-06,1.5145784030995164,1.389512748364239,1.51415938515374,1.389134096772461,1.4488810794997926,1.4484832661079505,0.22556428124987413,1.438475898733372,0
2017-10-09,1.5142599717245253,1.392668207897434,1.5145985075521056,1.3929741306658483,1.4503874923286582,1.450708896428858,0.2306720308189671,1.4474123511757004,0
2017-10-10,1.510637654500808,1.3996016737030785,1.5129758342416493,1.4017146034466774,1.4523101562190313,1.454530011532667,0.3467561272977495,1.4583128952703104,1
2017-10-11,1.5126791845591012,1.4014546530475402,1.514594146141407,1.4031851356167064,1.4542526400820461,1.4560706943443587,0.31834557021328613,1.4496711114343412,1
2017-10-12,1.5156087555139892,1.4013920141967398,1.5163015281647145,1.4020180481639757,1.4556103952070911,1.4562681098485244,0.28069136172703807,1.4438771115924904,1
2017-10-13,1.5229154194171397,1.3986002713624441,1.5218025356488325,1.3975945979430093,1.457612338988031,1.456555773103303,0.21553810416691843,1.4445645671815819,1
2017-10-16,1.5232975780519422,1.398575653168375,1.5217426755576875,1.3971705431714314,1.4577808166644939,1.45630460057051,0.2624446779663079,1.441913019940209,1
2017-10-17,1.5226908631363034,1.3986711228027393,1.520619611612233,1.3967994065803977,1.4575429611747774,1.455576526079446,0.5479512977850142,1.4390650792074702,0
2017-10-18,1.470319572560969,1.4706179441405047,1.4786528699048036,1.4781484481101046,1.4704763079513141,1.4783878957842327,2.6217979972307845,1.5666307238886978,0
2017-10-19,1.4540625455484215,1.5120615049650756,1.4698524335564718,1.5263302643070342,1.4845295543631796,1.4995203894064124,0.852504390454913,1.5800845401096875,0
2017-10-20,1.4493778137692979,1.5457077660222633,1.4693259666214291,1.563734201182446,1.4999801958453731,1.5189188652438539,0.6766241189393,1.5915742646783957,0
2017-10-23,1.4560748425212005,1.5625975352333026,1.4752638952891752,1.5799379986873043,1.512031498476298,1.5302494823235515,0.4969602835539638,1.566827117380064,0
2017-10-24,1.465547564109761,1.5679608299261318,1.4798318026235107,1.5808689874527664,1.5193455271035519,1.532906906586968,0.7046476468287898,1.5307866390043903,0
2017-10-25,1.4775939245693483,1.568168444980159,1.4835130855764491,1.5735173799360982,1.5251729628745814,1.5307925826088409,0.5951330996525369,1.5074144028842416,0
2017-10-26,1.4934467637798605,1.5662380609268252,1.4908752677950385,1.5639142916044886,1.53168422724679,1.529242862741662,0.3697923384496324,1.508396370341072,0
2017-10-27,1.5115849461685893,1.5622613438813076,1.5009609781249094,1.5526608423961392,1.5382053936963123,1.5281190553786377,0.4209295162126842,1.5091819443065364,0
2017-10-30,1.5357467893420795,1.5546335970138332,1.5175844975839206,1.5382209809101925,1.5456680800273868,1.5284248975795556,0.3620447669797345,1.515859793228845,0
2017-10-31,1.5683533148401616,1.5393558413054285,1.5420351700080415,1.5155730712981381,1.5531208642811478,1.5281345586391395,0.37218282739624137,1.512913734119733,0
2017-11-01,1.5638367249979324,1.533060751816643,1.5429528025236023,1.5141886949818886,1.547670023808327,1.5278429397461264,0.2786190127516584,1.5126190655133738,0
2017-11-02,1.5629725429713996,1.5195975016146785,1.5484280462539701,1.5064541580200248,1.540187517504611,1.5263790502775687,0.29215360784291483,1.5059413733296858,0
2017-11-03,1.5695917436050724,1.493825029062604,1.561376622067728,1.4864013163597942,1.5297912854063724,1.52199189305073,0.38108260812628136,1.4885593738041336,0
2017-11-06,1.574367995704917,1.4730761954944502,1.5700598075749521,1.4691830393431835,1.5211591415993577,1.51706897088006,0.3868093742285414,1.4812923444077268,0
2017-11-07,1.5722673041273294,1.4664280132370995,1.5694133617369737,1.463849007159093,1.5166696409807308,1.5139601233720625,0.3182510324957374,1.4863007702841133,0
2017-11-08,1.5689420445814861,1.4657917054228276,1.565841178215868,1.462989562944045,1.5147568949856862,1.5118129490783823,0.39850377209603355,1.4884612554277608,0
2017-11-09,1.5618146873295515,1.4660065078041813,1.5578977831150338,1.462466940989397,1.5114863938655967,1.507767705998397,0.41072273098585493,1.4759894066636017,0
2017-11-10,1.551900311591571,1.4664381539357245,1.5470519227135016,1.4620568376108636,1.5070068111422983,1.5024037767281513,0.37037707478434917,1.4647943507012526,0
2017-11-13,1.542980843900618,1.4632539549659476,1.5382889548007515,1.4590140619159766,1.5011000954807014,1.4966456411171631,0.4391848316780601,1.45733092781348,0
2017-11-14,1.5392113363335456,1.456906353507721,1.5358840200986907,1.45389957634847,1.4959763082834927,1.4928173720840752,0.32314372930908464,1.4621428034598798,0
2017-11-15,1.5316846276996958,1.4506335294650567,1.5288948988120967,1.4481125508421453,1.4891082685857167,1.4864597149323902,0.4104475851244326,1.4445645671815819,0
2017-11-16,1.5338288758477048,1.4407153050251758,1.533809702484175,1.4406979787395273,1.4849160675567168,1.4848978644681483,0.4683348381271766,1.4644014069799,0
2017-11-17,1.533349131263475,1.4362246767824833,1.5344238213875012,1.4371958359660755,1.4823293950378067,1.4833497000813671,0.42276108173180277,1.4629283774253443,0
2017-11-20,1.5335869913766007,1.4353871314002242,1.536594852360467,1.4381052282284583,1.4820023417621946,1.4848579888585594,0.48811212863837655,1.4780516166922557,0
2017-11-21,1.5322931448542711,1.4376883119161397,1.5387076090172465,1.4434848346908706,1.4825969725774781,1.4886868304731686,0.32298893407243745,1.4921928885023368,0
2017-11-22,1.531895057964045,1.4384253546177193,1.5410587827315432,1.4467062862694648,1.4827951723038961,1.4914951634818652,0.2763317754339548,1.4904251903414216,0
2017-11-24,1.530561807908051,1.4425356002200354,1.5406710148241745,1.4516709304105146,1.4843214051054034,1.4939190319676239,0.10258394599939809,1.491112645930513,0
2017-11-27,1.5311312687420788,1.4473413411867337,1.5406513191209612,1.4559442716008284,1.48711619524606,1.4961544800496216,0.2901242529773421,1.4924875571086962,0
2017-11-28,1.534492747006491,1.4519823319552745,1.5426206747112718,1.4593272506975241,1.491149804857896,1.4988664158562492,0.3416913718384635,1.4972994327550961,0
2017-11-29,1.5365076343676558,1.4589533162261008,1.5441579884995678,1.4658666687421766,1.495768143207702,1.5030313484157019,0.4384281189041155,1.5079053082433467,0
2017-11-30,1.5498008800402787,1.4599019344286555,1.55466620941838,1.464298559279959,1.5025767229875524,1.507195840621631,0.5589922345074672,1.5120298850392755,0
2017-12-01,1.555353523222482,1.4655249235628913,1.5594196599324515,1.469199346468011,1.5081663190868806,1.5120266874853967,0.47877377510562125,1.5197879765334075,0
2017-12-04,1.5616017366688633,1.4740096246273529,1.565238888363486,1.4772963890549606,1.515589365472671,1.5190424577969175,0.4010748691865161,1.5364823637312477,0
2017-12-05,1.5681294196576046,1.477242161535033,1.5706535431037585,1.4795231219816305,1.520386099394268,1.522782488665095,0.43578829700331057,1.5255818196366377,0
2017-12-06,1.571790012959671,1.4779905066259371,1.572920453274591,1.479012045271165,1.5225168809063876,1.5235901148823694,0.2932800041958305,1.5133065211024652,0
2017-12-07,1.5763537643791459,1.477262369650751,1.5752952757625058,1.4763058511922704,1.5243007891702531,1.5232958657509672,0.3242702078687113,1.5081017017347127,0
2017-12-08,1.5823883044996274,1.4774125075130675,1.5803293869442965,1.4755519370589278,1.5272442370147306,1.5252895117232117,0.3027043459481997,1.5202788818925126,0
2017-12-11,1.5894994219856855,1.477457644229183,1.5867168872548034,1.474943166709434,1.530643575865999,1.5280018523065,0.35278385216865826,1.5261711568493566,0
2017-12-12,1.5943991771096384,1.4810858848659592,1.5920210125653447,1.4789368222797772,1.5348754010222676,1.5326175843505472,0.5436003431965767,1.5392320293489934,0
2017-12-13,1.5956071820277515,1.480673464442547,1.59145976007159,1.4769255869559017,1.5352321921658498,1.5312946519902766,0.4868309370488136,1.5114407045651772,0
2017-12-14,1.5956949312697153,1.4806507794982597,1.5905469145775735,1.4759987001908508,1.53526193003382,1.5303744305789562,0.3987617367548753,1.5123245536456347,0
2017-12-15,1.588504676243662,1.4828845307537848,1.5820758378493514,1.47707501849822,1.5330221307631633,1.5269186260492869,0.9699384855402917,1.4975941013614553,0
2017-12-18,1.587218277377256,1.4781418221661997,1.5826539311594447,1.4740171850755424,1.5299201231375514,1.525586757302624,0.4379208212910778,1.5057449798383196,0
2017-12-19,1.5850968480302918,1.4760592003555262,1.5814079254632878,1.4727256524346755,1.5278190794934023,1.524316836180402,0.35396187433602666,1.5047628556428687,0
2017-12-20,1.582726489024624,1.4760315657347025,1.5786121965405921,1.4723136261719172,1.526679359885432,1.5227732726531293,0.32552558655104785,1.502013190025123,0
2017-12-21,1.5759719917445618,1.4782300238767332,1.5699362425026788,1.4727757322860058,1.5246278740818948,1.51889756610243,0.3571864325715484,1.487773799838669,0
2017-12-22,1.5733343367420047,1.4762554412753095,1.568267878200505,1.4716770631634564,1.5223385327886412,1.5175284642048565,0.2571564024600523,1.4975941013614553,0
2017-12-26,1.5731393077043696,1.4715641366549626,1.5702125312344954,1.4689193130137148,1.5197815981377008,1.5170029322443181,0.21316479642289007,1.5008348290769264,0
2017-12-27,1.5825771714366346,1.4562246999191855,1.5835353035417228,1.4570905297729715,1.516203879532656,1.5171135250177716,0.18481449685752516,1.5037808881860384,1
2017-12-28,1.5823332273624633,1.4566904072890152,1.5849781187348344,1.4590805014086659,1.5163327172638352,1.5188437629565132,0.23110197191703666,1.512717340628367,1
2017-12-29,1.583044868287163,1.4549530456966782,1.5866095709114023,1.4581743404800853,1.5157578906031786,1.5191422001683195,0.28609143836013395,1.506628672180157,1
2018-01-02,1.5830491334620926,1.4582508125315505,1.5866195588530172,1.461477278775361,1.5174922410264322,1.520881983755591,0.36136549292746895,1.5147795506570212,1
2018-01-03,1.5666860758597558,1.4827726156480898,1.5744168127753413,1.4897586072224596,1.5226061103283128,1.5299456305202919,0.8118664071894044,1.5564176353831796,0
2018-01-04,1.5502299075442891,1.513623376427379,1.563022407344541,1.5251835028157854,1.531000398645611,1.5431455293899452,0.6497441686053064,1.5879407499801923,0
2018-01-05,1.5439022184337707,1.537340082539226,1.5596110095444367,1.5515355575037675,1.5404551108622972,1.5553689529458217,0.44677760791131077,1.595698684735704,0
2018-01-08,1.5472966917043078,1.5568557678591413,1.5629042479549204,1.5709597604867351,1.552318100026103,1.5671358302760976,0.4503633002278688,1.6053225927671242,0
2018-01-09,1.5538441962941967,1.5723147324361888,1.5684484162035148,1.5855120457519551,1.5635468184293413,1.5774119865346545,0.37334366836102917,1.6088579890889547,0
2018-01-10,1.564779557159931,1.5838462781723057,1.5770558773342955,1.5949399514196099,1.5747953568052218,1.5864504293793897,0.3589234603731182,1.6122951102957919,0
2018-01-11,1.5804759792773708,1.5905471642738562,1.589023695057854,1.5982714305468655,1.585766399746102,1.5938815552935217,0.3262822993249925,1.6124915037871579,0
2018-01-12,1.5986627015285566,1.591280937170474,1.6021032708153617,1.5943900570785903,1.594785040928639,1.5980514989685577,0.4326840893925639,1.602081865051653,0
2018-01-16,1.62717485637089,1.5851932634636372,1.6246688887377125,1.5829287097784992,1.6051218131089522,1.6027426608696524,0.6702093648734176,1.6090543825803207,0
2018-01-17,1.655823885554306,1.586471887347819,1.6514390398394685,1.5825094584677195,1.6193930950378919,1.6152301460183902,1.00692205167892,1.6561917985419705,0
2018-01-18,1.6681094587873737,1.5954249031940333,1.6642817659054807,1.5919659534827488,1.6299280669446228,1.6262940758384568,1.2261318363820104,1.6608072806970045,0
2018-01-19,1.670308074654864,1.594702141924907,1.662504458239668,1.5876502917427768,1.6305920755731602,1.6231833639748752,1.8205855797755708,1.5945203237875074,0
2018-01-22,1.670625544495418,1.594622788962188,1.6604628314912648,1.5854391072258944,1.6307010933316974,1.6210526680762867,0.7292489093430147,1.5967789273075277,0
2018-01-23,1.6730657249467698,1.5976625660957098,1.6650924044023234,1.5904573603369991,1.6334562435270705,1.6258864157380657,0.6420052288400543,1.6326230121918355,0
2018-01-24,1.675093834271949,1.5987352709600966,1.6680084137871567,1.5923324288574459,1.6349824763285778,1.6282556160971873,0.4854034997205383,1.6239812283558661,0
2018-01-25,1.6766951456584125,1.5997219805515657,1.6704946667721408,1.5941188286490315,1.6362609357450408,1.6303742343241212,0.2839760952749473,1.6249631958126967,0
2018-01-26,1.6785011319150338,1.6040140368668652,1.6743978846299672,1.6003060784569443,1.639372861265981,1.6354772602863752,0.3257147441928563,1.6433271627950794,-1
2018-01-29,1.6844481282774268,1.6055450951666008,1.6798970933381345,1.6014324870041807,1.6430001535296523,1.6386794253512043,0.30242056838213166,1.638024225050954,-1
2018-01-30,1.6837677256911385,1.605726003955966,1.6761808181858913,1.5988699858963775,1.6427722001172493,1.63556923079654,0.42154006545462736,1.6067956223216802,0
2018-01-31,1.68178338722689,1.5981802752161698,1.6768352359924144,1.5937088072034549,1.6378664484371155,1.6331687001765087,0.3502128372848866,1.6075813530257648,-1
2018-02-01,1.680805615204257,1.586385596540506,1.6783362512579967,1.5841541203033767,1.6312065263610858,1.6288621254659543,0.3812889469706704,1.5948149923938668,-1
2018-02-02,1.66487291537364,1.5944820122036654,1.6557825669102781,1.586267388104234,1.6278963852957125,1.619266057187604,0.45160149770762475,1.5617205731273047,0
2018-02-05,1.6152004338229569,1.6203707299965517,1.596015339796722,1.6030338439164462,1.6179164042589815,1.5997021788199175,0.7521045945577349,1.4978886132291944,0
2018-02-06,1.5941256535816544,1.6188319492687602,1.574802672333548,1.6013704594179243,1.6071039369172504,1.5887588020887982,0.8485059382428661,1.525483701260265,0
2018-02-07,1.572516965899974,1.6166247838307564,1.5529606576722614,1.5989524446997807,1.5956869208649076,1.5771202666526174,0.528758743608531,1.510851524091079,0
2018-02-08,1.530551291024753,1.6208144266394577,1.5077483239256109,1.6002081975354658,1.577966758062102,1.556317743318918,0.5829227724673612,1.4493764428279818,0
2018-02-09,1.512510260248712,1.6034785622903167,1.4940364463157534,1.5867844346940276,1.5602961530999087,1.5427572131690386,0.6731415960449365,1.46823147190809,0
2018-02-12,1.509563837737904,1.5770867590631816,1.4990666679764573,1.5676008406689914,1.5450338092668194,1.535067852558676,0.5057310819545829,1.4867916756432182,0
2018-02-13,1.505715046614984,1.556283628238432,1.5007923806842127,1.5518351903868637,1.5322788580620736,1.5276053054122058,0.420568382131648,1.4804084953272694,0
2018-02-14,1.5164929585771811,1.5296773917584547,1.5220823769400453,1.534728350032546,1.523418776660671,1.528725340495867,0.47112945526462874,1.5197879765334075,0
2018-02-15,1.5306385659631419,1.504838823379128,1.5462361259316184,1.5189337827226326,1.5170858920422383,1.5318941318755515,0.4835633847034849,1.53206327506758,0
2018-02-16,1.5369193550823046,1.4937861446222247,1.5585454919009456,1.513328914121548,1.5142613640336113,1.534793102416135,0.3682789129017432,1.533732698113502,0
2018-02-20,1.5378728728299091,1.4978863715093407,1.5573159611407026,1.5154563978343987,1.5168678565251636,1.5353270203551739,0.3860527436613077,1.5237160030993497,0
2018-02-21,1.5381287865217348,1.495051551123057,1.557195008663129,1.5122810169151624,1.5155001993228054,1.5336015684315385,0.32061570853512,1.5119317666629026,0
2018-02-22,1.537747384736844,1.494132130644451,1.554545592991853,1.5093120730762544,1.5148361748762533,1.530784303757492,0.3460682215408382,1.5042717935451433,0
2018-02-23,1.5572179765661058,1.4914983722525137,1.5677515446220784,1.5010171824889251,1.5226952922961932,1.5326958053500699,0.2799862747675461,1.5272513994211803,0
2018-02-26,1.5671245614645264,1.4996580295206399,1.575645202485544,1.507357829297949,1.5316842114287754,1.5397736623446754,0.3104432857134519,1.557301484463637,0
2018-02-27,1.576739843712934,1.5006852820555188,1.5821312026474805,1.5055572610793053,1.5367881786533422,1.5419067059288643,0.3643578994113753,1.5373662128117054,0
2018-02-28,1.594640003788681,1.4940937135413188,1.5952001099230833,1.494599861503462,1.5418227680646557,1.542354529826566,0.3270561933015177,1.5302955769066648,0
2018-03-01,1.5919482811782,1.4947337895220039,1.5900521099833052,1.4930202871566094,1.5408812481831033,1.539081033413885,0.34733223192782053,1.5104585803697264,0
2018-03-02,1.5900390810769987,1.49359136120348,1.5881991757723368,1.491928704318844,1.5393748353542376,1.5376280391196289,0.2804162158656157,1.5171364292920346,0
2018-03-05,1.5895844447956078,1.495454932381668,1.590357590251005,1.4961535963895294,1.5401379596639988,1.5408719798154003,0.315628391797513,1.541294396116268,0
2018-03-06,1.5901622933182356,1.4959892676051996,1.5908119400164846,1.4965763301853703,1.5406929505339988,1.5413097216273002,0.3169267645896566,1.5292153343348411,0
2018-03-07,1.5921218192000623,1.5024442913220064,1.5935321259920154,1.5037187353334174,1.545013973476163,1.5463529111853944,0.39620790307368425,1.5547482123372576,0
2018-03-08,1.6007770575774964,1.5003394193612207,1.5993658262638475,1.4990641398924858,1.5480168970565806,1.5466770816114066,0.5551055834222605,1.5340273667198614,0
2018-03-09,1.5994903826069518,1.5086525224615706,1.6002859153269977,1.5093714170430395,1.5517730112334165,1.552528285733883,0.43185002010365114,1.5644702387450504,0
2018-03-12,1.5958818974969058,1.5150829309675669,1.6017693083287163,1.520403174421068,1.5534379838434162,1.5590274601314316,0.4354013500150479,1.5737994781701112,0
2018-03-13,1.5957416181740443,1.5204357274487392,1.6025543188031217,1.5265921223323227,1.5561832319614761,1.5626511734235915,0.3599123248986782,1.5645685138600438,0
2018-03-14,1.5985052554385857,1.5222587639038958,1.6037727572847325,1.5270188176888035,1.5584527691001027,1.563453707119755,0.312292032435151,1.5527841206849762,0
2018-03-15,1.6097576013659511,1.5230329793034876,1.6124901470044586,1.525502283461117,1.5642009249805653,1.5667951891636986,0.3328260357202956,1.5674162978541624,-1
2018-03-16,1.6211068490649336,1.5236630171038386,1.62192951868343,1.5244064343337949,1.5699193429930576,1.5707003811194626,0.7964830653764488,1.5737994781701112,0
2018-03-19,1.6222175136447567,1.5234139907164153,1.6204649921628578,1.5218302994797148,1.5703157582639085,1.5686519237622656,0.4713874199234705,1.5452224226822102,0
2018-03-20,1.6244166304875944,1.5223323212064543,1.6182150223615666,1.5167281488501771,1.5707914692433411,1.5649036957282498,0.37290509555831386,1.533929091604868,0
2018-03-21,1.6206399995295067,1.5226698904100147,1.613839757467784,1.516524753889964,1.5691760386559381,1.5627199252908934,0.2994281618982253,1.5387411239898885,0
2018-03-22,1.598880106966442,1.5345605497781722,1.5857680284593914,1.5227116314961309,1.5650928712034904,1.552644334147819,0.408125903194857,1.49356779968052,0
2018-03-23,1.5637379136355425,1.5466584334428641,1.5467465259946278,1.5313039216812525,1.554766016918506,1.538634484563703,0.3818650516007414,1.4621428034598798,0
2018-03-26,1.5576943694695156,1.53912078765419,1.5443247081315694,1.5270391009432156,1.5479376171660135,1.5352445323512984,0.3528870215908528,1.5061377668210518,0
2018-03-27,1.5490568870630275,1.532946106144577,1.537729943973216,1.5227103511508633,1.5405938506707897,1.5298401116121667,0.33395243207321135,1.4918001015196047,0
2018-03-28,1.5437132546712602,1.527209732668204,1.5347323549749334,1.5190940135208724,1.5350439103347602,1.5265174922994444,0.31512964368241014,1.4977904948528216,0
2018-03-29,1.5447934844288882,1.5145740968657126,1.5411275477597433,1.5112613204819776,1.5289191591560887,1.5254387385313148,0.2940797110795821,1.50672694729515,0
2018-04-02,1.544465792298863,1.4956453027122854,1.544130198360712,1.4953420384245555,1.5188202582835069,1.5185016471973634,0.4428736934168126,1.4737308031435814,0
2018-04-03,1.5410889779067545,1.4845469703725982,1.5421866322641036,1.4855388815158364,1.5113873098204025,1.5124294169839947,0.3556214634159174,1.471570317999934,0
2018-04-04,1.544105900185502,1.4778964643825931,1.5502461813883384,1.4834452177829058,1.509325906121537,1.5151554561844542,0.41319920815207783,1.5135029145938312,0
2018-04-05,1.550339104028506,1.4672452422719793,1.5614345936110363,1.4772718409757584,1.5066896757620145,1.5172236741013836,0.27390684187547376,1.5126190655133738,0
2018-04-06,1.5476450558247208,1.4668120532267206,1.5555426496838618,1.4739488274773778,1.5051832629331492,1.51268119621301,0.3158260989372563,1.4786409539049745,0
2018-04-09,1.5576981347830405,1.4648967049784904,1.5617379803654579,1.4685473695281566,1.5089492950053134,1.5127847027482482,0.3794831943587782,1.4994599178987436,0
2018-04-10,1.5546107742646045,1.471497671768889,1.5617557165008589,1.4779543015581142,1.5109512387862534,1.5177346086494539,0.3273055262557137,1.5259747633579903,0
2018-04-11,1.5543213911395999,1.4782681078502216,1.5620737681673842,1.485273654823144,1.5143703976101637,1.5217304628086763,0.284320048153403,1.5256800947516311,0
2018-04-12,1.5486006796024683,1.4939085933167502,1.5591466001437497,1.5034385660541276,1.5198707801055815,1.5298830205428027,0.484921932808016,1.5522930585872508,-1
2018-04-13,1.5479503756151947,1.5006844557736227,1.55951692569912,1.5111367350728868,1.5231214612530293,1.5341026819076033,0.3488628386782904,1.5389375174812545,-1
2018-04-16,1.5567033249029647,1.5075282858379486,1.5659827585611623,1.5159137794925577,1.530871545096417,1.539681389675032,0.3600154943208727,1.5505253604263356,-1
2018-04-17,1.5652272101475444,1.5206918576748263,1.573500845771314,1.528168447473211,1.541832670141969,1.5496876154576364,0.8777247517090159,1.5801826584860603,-1
2018-04-18,1.546021716677696,1.5279913622250585,1.545479103920682,1.5275010224049306,1.536550323163626,1.536035169520446,1.7525860792635461,1.4611608360030495,0
2018-04-19,1.5259611911625077,1.5341768795332493,1.518191991700329,1.5271561307255956,1.5302769142811334,1.5229008779535727,0.6953093755027454,1.4504566853998055,0
2018-04-20,1.5032894888520782,1.543967193528156,1.4848057558536383,1.527264102425718,1.5246575961318498,1.5071092390933765,0.7107442609234428,1.4229598724837282,0
2018-04-23,1.4845615528547458,1.5480051725349964,1.4614205006908376,1.527093428000889,1.517888656297283,1.495918665405699,0.45707901306239973,1.4323873870237822,0
2018-04-24,1.4663565143090098,1.5459106800078692,1.4432635224040966,1.5250423658178631,1.5081465307502686,1.486222168010978,0.42276108173180277,1.4294413279146705,0
2018-04-25,1.4530308774482432,1.54018036796147,1.4321361423568915,1.5212985401498686,1.498810738369433,1.4789733888665861,0.6299840592966871,1.4331729609892465,0
2018-04-26,1.4481863775065875,1.5231447281705564,1.4343732303172858,1.5106622790931017,1.4875621999935527,1.4744480720885829,0.3668085636703718,1.4408327773683853,0
2018-04-27,1.4453111829416625,1.5064425299590594,1.4378216023136496,1.499674462731551,1.4774236433576722,1.4703130756525504,0.2756352379723978,1.438475898733372,0
2018-04-30,1.448268003867548,1.4793762182204808,1.4478274411309422,1.4789780973686764,1.464609232235001,1.4641909643342228,0.3796809837052324,1.4235490529578265,0
2018-05-01,1.5008709838599223,1.4018242238200413,1.5118385846654476,1.4117352539915617,1.4488414553725237,1.4592540367924702,0.38122013995363707,1.4239418399405586,0
2018-05-02,1.4916061033776575,1.3982352209191315,1.50009751491805,1.4059086070559819,1.4425581285947031,1.4506198291983634,0.44670016918963174,1.398900180774488,0
2018-05-03,1.4820636129305247,1.3960856726764406,1.4882016445185804,1.4016323931800094,1.4368991705001362,1.4427265847908382,0.4315405118370676,1.3943828169958272,0
2018-05-04,1.4803086482347665,1.395803802858172,1.4843219060432584,1.3994304409836236,1.4359180264913154,1.4397281919441922,0.37853732394302514,1.4132378460759352,0
2018-05-07,1.47679217925353,1.3940007433620631,1.4796676872077592,1.396599237471956,1.433301616104435,1.4360316079438564,0.31445891912807944,1.4064617220386335,0
2018-05-08,1.4733987374756328,1.3922374609804815,1.4753433758466246,1.3939947614064676,1.4307645014261365,1.4326107306725642,0.4616793828117441,1.4043013936336066,0
2018-05-09,1.470245673521396,1.3888042251568715,1.4719781339317901,1.3903697879178472,1.427464262438077,1.4291090510659572,0.3608065694999785,1.4004713287054167,0
2018-05-10,1.4732163815014898,1.3814408096397437,1.4776136670710913,1.3854144799734738,1.4250064276503456,1.4291811870012843,0.32044373209589216,1.416478417052786,0
2018-05-11,1.47766059729645,1.373009981741653,1.4843729558710497,1.3790757010848849,1.4226873484891218,1.4290600257425357,0.2642589800761349,1.4154964495959554,0
2018-05-14,1.4785646373595858,1.3709478637098969,1.4861652230525626,1.3778162422605065,1.422033257755913,1.4292492130747398,0.2765467459829896,1.4170677542655046,0
2018-05-15,1.4801701688280144,1.3671198252690442,1.4881862023402161,1.3743636292152386,1.4207845203894054,1.4283948996410618,0.351640192406451,1.4115682662913929,0
2018-05-16,1.4820381934094973,1.3695446316674984,1.4887315202209643,1.3755931526843168,1.42294502395148,1.4292996325509832,0.2724708550492636,1.4203083252423554,0
2018-05-17,1.4879821783587022,1.3689087375420816,1.492588310702214,1.3730711352660727,1.4254325807891666,1.429805618147866,0.2706651024373714,1.4190316891791654,0
2018-05-18,1.4880730122977637,1.3691473790982895,1.4921406111473836,1.3728231232869288,1.4256010584656291,1.4294628150116926,0.23063758620709499,1.4149072691218572,0
2018-05-21,1.487804847553644,1.3736724164570735,1.4918835333106737,1.3773581794890124,1.427850775631614,1.431723058028148,0.24891008287505148,1.4287538723255788,0
2018-05-22,1.4907518677754932,1.3749523702824868,1.493837499860719,1.3777407460847384,1.429922081407793,1.4328515639709463,0.19639709359817706,1.4248256890210163,0
2018-05-23,1.4981408356295463,1.3721617435635214,1.4992514535608459,1.3731653694267634,1.431963680952032,1.4330180956632497,0.2974934269569123,1.420701268963708,0
2018-05-24,1.4977291911744035,1.3722130070431187,1.4980219776320212,1.3724775877355342,1.4317952032755694,1.4320731731691367,0.2922481455604636,1.414808994006864,0
2018-05-25,1.4960994700655035,1.3727424033348286,1.4952837487472495,1.3720052650362962,1.4312996723234945,1.4305252308760974,0.42257192408999433,1.4105862988345623,0
2018-05-29,1.481209805915949,1.3803867924059854,1.4776821612843225,1.3771989856104612,1.42824720672048,1.4248980798148998,0.3901801782027755,1.3868212757316816,0
2018-05-30,1.4782609609178219,1.3809385258902862,1.4737101746624286,1.3768261424546473,1.4271372249804797,1.4228167329011927,0.44013070209381316,1.40056960382041,0
2018-05-31,1.4702005887656495,1.3819587300261897,1.4648354563817623,1.3771104510020191,1.4238469038877486,1.4187532759588515,0.5873253528702514,1.3877049680735187,0
2018-06-01,1.4663709245124028,1.3806085267009716,1.461380555691984,1.3760989081596706,1.4213197071047785,1.4165818776943577,0.331699557160669,1.393990030013095,0
2018-06-04,1.4655789726256927,1.3793620750147284,1.4618717496597404,1.376011989675226,1.4202890052553458,1.4167693876416718,0.261000059435452,1.4046941806163389,0
2018-06-05,1.467468507104954,1.3742774576273036,1.467044091059293,1.3738939279649451,1.4185149990687933,1.4181120607498539,0.24386259082505696,1.4111754793086606,0
2018-06-06,1.468206953182869,1.3728932391563322,1.4712532848700803,1.375646100588816,1.4181384037705846,1.4210305747465077,0.2768906988614453,1.42109405594644,0
2018-06-07,1.4667922723207558,1.3754734160085738,1.472867163962972,1.3809630791921927,1.4188222323717636,1.4245897019363072,0.371168149963455,1.427477236262389,0
2018-06-08,1.4634913250545767,1.382361735030619,1.471953015568294,1.390008263334354,1.420873733993316,1.4289072176135513,0.44804161829829314,1.435137052641528,0
2018-06-11,1.460879763237509,1.3902684664237042,1.4708283417094665,1.3992586424109297,1.423787459787838,1.4332325868661135,0.280321595941356,1.4394580229288227,0
2018-06-12,1.4661512126680751,1.3961643804545725,1.4744798083818047,1.403690635728523,1.4293869421464647,1.4372940662769615,0.227051893890537,1.4423058069229413,0
2018-06-13,1.469755258138781,1.3999447219765697,1.4767033664598852,1.4062234799680864,1.4330835964053752,1.4396800932045346,0.2552302170166741,1.4371992626701822,0
2018-06-14,1.4810520303109096,1.3970752951202616,1.4838130036839137,1.3995702884089325,1.4369388262634348,1.4395600795853305,0.28602263134310063,1.42590593159284,0
2018-06-15,1.4924751678961927,1.3932426631028485,1.4919023595161438,1.3927250365737807,1.4403480671920168,1.4398042459861717,0.78386861000043,1.427771748130128,0
2018-06-18,1.4986040633806708,1.3904209505972527,1.4950113332193433,1.3871743283269464,1.4417751843123003,1.4383642655536715,0.36857987167039186,1.4188352956877994,0
2018-06-19,1.4995618343747863,1.389932782937899,1.493418540018707,1.384381306658332,1.4419733998567332,1.4361409891222772,0.29984092179371424,1.413139570960942,0
2018-06-20,1.4905090708254944,1.3941892220969372,1.48221063895337,1.3866902248121804,1.4399119961578675,1.4320335094169165,0.2863321396096842,1.4006678789354032,0
2018-06-21,1.4760187219185903,1.3995295040429823,1.465851648722618,1.390341882156656,1.4358387307827332,1.4261861659845796,0.33429638495166697,1.3871157875994204,0
2018-06-22,1.465899756296622,1.3995045507501147,1.455823722864765,1.3903991982556956,1.4310221768884948,1.4214560447544313,0.4825057131608916,1.3874104562057799,0
2018-06-25,1.4480859795832906,1.4009052183705077,1.437339471924961,1.3911939822005588,1.4233017992770471,1.4130991225060197,0.7684853503941853,1.3629578207751871,0
2018-06-26,1.4383217031709477,1.3950318694119903,1.429055559510801,1.3866583854552175,1.4155814374836146,1.4067842103579162,0.3559482350917924,1.365805761507926,0
2018-06-27,1.4256763626445228,1.389724463919106,1.4171905895301282,1.382056173026984,1.4067907338954655,1.3987343863832267,0.3527064956536901,1.3500933417669163,0
2018-06-28,1.4241513096387242,1.381367509167526,1.418973523879821,1.376688528614887,1.401676864593585,1.396761102546296,0.3889848926261156,1.3752332760479802,0
2018-06-29,1.4253317887183916,1.3695657560140018,1.4237478417130915,1.3681343995270197,1.3960377422896748,1.3945339514925792,0.3190249264722626,1.3718944299561362,0
2018-07-02,1.427994452832866,1.3584432962453228,1.4296175751414768,1.3599100540584448,1.3914590438851526,1.393000027505237,0.2928242501905346,1.3734655778870648,0
2018-07-03,1.432280775056745,1.3464007329984384,1.4365516007750057,1.3502601260691327,1.3871677588109586,1.3912224578568417,0.16881205630469162,1.3706177938929462,0
2018-07-05,1.4351770067137979,1.3415195265008368,1.442698831188076,1.3483167313436584,1.3859784813623766,1.3931196612023202,0.32200006954687743,1.3888834857603358,0
2018-07-06,1.4325263295417214,1.3462354149650229,1.4423920317140457,1.3551506985924027,1.387197480860914,1.396563925624523,0.24498043768003783,1.399194692642227,0
2018-07-09,1.4249772995651417,1.3589246552956744,1.4381899034546686,1.370864414785049,1.3902796685138838,1.4028236438288761,0.3357581846851035,1.4179514466073417,0
2018-07-10,1.424112596614012,1.3708750297135515,1.4371473341420862,1.3826540577078514,1.3961467600482123,1.4085218699929802,0.324777505481749,1.42109405594644,0
2018-07-11,1.4258051687226896,1.3804012639125374,1.4380699432297734,1.3914845037515877,1.4019543758466,1.4135984870261349,0.30324608817310955,1.4233526594664603,0
2018-07-12,1.4347364516281154,1.3892536139709835,1.4448785104692528,1.3984186312758808,1.4108441951159727,1.4204730114197197,0.2682402510856013,1.438181386865633,0
2018-07-13,1.4392846162783584,1.3961993509090953,1.448190018187353,1.4042468453953183,1.4166518109143609,1.4251065517550412,0.263347554272254,1.4327801740065145,0
2018-07-16,1.4484843563043561,1.3987529418819518,1.4545350148093625,1.4042207064426815,1.4223603110315248,1.4281047737854873,0.2982759526380832,1.4284592037192196,0
2018-07-17,1.459206784965675,1.395912001198652,1.4603129703676825,1.3969116215430641,1.4259578654272262,1.4270080719188918,0.43825614246488764,1.4091132692800064,0
2018-07-18,1.4766564868742456,1.3894822017726642,1.4736052161491437,1.386724877107572,1.4308636012893454,1.4279667412173218,0.5963541159297123,1.4192280826705317,0
2018-07-19,1.4790200215913256,1.402081067955603,1.477600633412835,1.400798417418666,1.4386037830554197,1.4372562235264845,1.2602261654589269,1.4655799246667172,0
2018-07-20,1.4877146906669274,1.4015253384023125,1.4847759106604537,1.3988696675926175,1.4424391929408376,1.4396491309541446,0.55158006641809,1.4371992626701822,0
2018-07-23,1.4901207644962273,1.401822573528702,1.4866429947617625,1.3986798369011513,1.443737488147957,1.4404357122024196,0.3351734483503867,1.430816082354233,0
2018-07-24,1.492379109076113,1.402932486794133,1.4891265532691536,1.3999932679705334,1.4453925586806433,1.4423045996307644,0.33463178833218776,1.4374939312765413,0
2018-07-25,1.494493141355543,1.404191690288996,1.4915529591394003,1.4015347523523713,1.4470575471086584,1.4442661538716217,0.312214593713472,1.439850809911555,0
2018-07-26,1.4945531199241064,1.404628017392124,1.493202803799061,1.4034077848094726,1.4473152225710164,1.4460332396794058,0.4108517133152758,1.4407346589920125,0
2018-07-27,1.493255954289156,1.4043852177807854,1.4912505554814988,1.4025730103125296,1.4465719182338972,1.4446680033545671,0.3223956482397858,1.4254148694951145,0
2018-07-30,1.4933082859678524,1.4043945384268153,1.490740344959471,1.4020739816100563,1.4466016561018673,1.4441636666723177,0.3102626775695783,1.4287538723255788,0
2018-07-31,1.498852051197733,1.402101617401591,1.4932834124493353,1.3970694369249035,1.4480287890401657,1.4427419532595682,0.4707166953691398,1.4232545410900874,0
2018-08-01,1.4945339681666336,1.404079365514471,1.4860907517511615,1.3964495315952548,1.4470179229813895,1.4390019785710093,0.2913624504570981,1.4092115443949997,0
2018-08-02,1.4920155439180183,1.394507022158173,1.4858799251246606,1.388962482011227,1.4407940561214945,1.4349689325251467,0.33031511394220064,1.403908449912254,0
2018-08-03,1.4900198319871951,1.3988574554319888,1.4879957307539584,1.397028347247935,1.4421319912738972,1.440210320411964,0.6925147583652932,1.4504566853998055,0
2018-08-06,1.4901987735925688,1.3993183519481156,1.489177559678079,1.3983955173102076,1.4424590445495091,1.4414895095326574,0.3365320786616287,1.4340568100697042,0
2018-08-07,1.4898228625177474,1.4008466378178202,1.4911064172692323,1.402006540525289,1.443083413232763,1.4443020132341473,0.30171548142263976,1.4436807181011244,0
2018-08-08,1.4896666785285875,1.4014971535563057,1.4928644164155482,1.4043868353782694,1.4433509907724345,1.4463869059828836,0.30793244614206783,1.4425022004143073,0
2018-08-09,1.4881989575243781,1.3991633739852072,1.491194888791994,1.4018706903538136,1.4414283268820614,1.4442726479697596,0.26600455737563955,1.4216832364205383,0
2018-08-10,1.4869274527135201,1.3990483380170382,1.4882503088855994,1.4002437560183438,1.4407643182535244,1.4420202308129706,0.25823125520522616,1.4188352956877994,0
2018-08-13,1.4798169961005234,1.4002289230910903,1.4787413372686107,1.3992568885206873,1.438009168058151,1.4369879433285153,0.24579732576637,1.4014534529008678,0
2018-08-14,1.4765008546084606,1.4002635560950147,1.4739609960709996,1.3979683764069022,1.4364531973886736,1.4340418693064978,0.24592630809579089,1.4078366332168166,0
2018-08-15,1.4775489868379694,1.4000899183091589,1.4730861273094906,1.3960569911245984,1.4368595305548526,1.4326225156388228,0.3647190334924115,1.4132378460759352,0
2018-08-16,1.4828957203969442,1.399748505303097,1.477439312321294,1.3948177436876077,1.439218265479375,1.4340379808979435,0.45149832828543024,1.427280842771023,0
2018-08-17,1.48519677826731,1.394575003261422,1.484038710491601,1.393528498663996,1.4375929169966437,1.4364934536574683,0.23032807794051144,1.434351321937443,0
2018-08-20,1.484852328084886,1.3957918646678997,1.4861634138634834,1.3969766461838884,1.4380686279760766,1.439313365787039,0.21494473612755588,1.4387705673397313,0
2018-08-21,1.4860352338085396,1.3927608045054882,1.4898372381025138,1.3961965403549226,1.4370379261266437,1.4406475286251272,0.2671567666357816,1.433467629595606,0
2018-08-22,1.4874851951716175,1.3883375578287176,1.4927738438595652,1.39311672126129,1.435402675566599,1.440423690284513,0.2054258566576379,1.4262987185755722,0
2018-08-23,1.4878930324151092,1.3891009873410636,1.4926091890828985,1.3933628101277324,1.4359973063818825,1.4404748002443357,0.19092820994804782,1.427575354638762,0
2018-08-24,1.488742044524958,1.3912769309342858,1.4931454259713404,1.395256109894722,1.4375433591560316,1.4417239058997133,0.2387549234626749,1.434154928446077,0
2018-08-27,1.4969766096642287,1.3913444840303348,1.4995354850284635,1.3936568485474055,1.441487770981972,1.4439171535375595,0.30023650048662265,1.4405381087620261,0
2018-08-28,1.5050596614261746,1.390133982491249,1.5059471248515146,1.3909359515764326,1.4446888942888076,1.4455314473081444,0.2111268920593825,1.4395561413051956,0
2018-08-29,1.5111865309710963,1.3914458547710342,1.5114789550193029,1.3917101079669743,1.4482864328664942,1.4485640586905093,0.2711896634597007,1.4488853807302564,0
2018-08-30,1.5127888206583255,1.391111019813462,1.512023101347093,1.3904190665475558,1.4488711457864496,1.4481441759765148,0.2872350159156303,1.4330746858742534,0
2018-08-31,1.5131518323021522,1.3915753814402885,1.5126297198731506,1.3911035670363439,1.449287396847957,1.448791706106313,0.2999699041231351,1.438475898733372,0
2018-09-04,1.512019157523529,1.3910330149977612,1.51140313553841,1.3904763378731018,1.4484648126202704,1.447879964649391,0.28601399963845486,1.430619688862867,0
2018-09-05,1.512461383419097,1.3919351713578814,1.512199371792366,1.3916984007839095,1.4491486412214494,1.448899888787377,0.26884216862289867,1.440243596894287,0
2018-09-06,1.515447687752,1.3914061981270445,1.514351703016003,1.3904157957611487,1.4502883608294197,1.4492478387953902,0.36534676393693527,1.4375920496529142,0
2018-09-07,1.5158015596305303,1.3912373691315099,1.5131378365604733,1.3888302574774634,1.4503676565380015,1.4478387321324757,0.403551346352739,1.4283610853428468,0
2018-09-10,1.5147254226256186,1.3914740444112517,1.511634027961653,1.388680461171861,1.4499811433444643,1.4470461898199418,0.3111311914703632,1.4303250202565077,0
2018-09-11,1.5147226608115276,1.3910992344051492,1.5127513443477831,1.3893178259370416,1.4497829436180463,1.4479113863333501,0.2901844282897297,1.438574173848365,0
2018-09-12,1.5147226448956184,1.391061518211878,1.5136696539076908,1.3901099677646342,1.4497631236454047,1.4487634196453518,0.38752309289267906,1.4393597478138296,0
2018-09-13,1.508913394635153,1.3989713019600434,1.511639973423565,1.401435214087786,1.4511605187157328,1.4537491180033668,0.4597360161657853,1.462731983933978,0
2018-09-14,1.508511694985086,1.4038622738562134,1.5118528439162617,1.4068815511303956,1.4535390736128968,1.4567111425000603,0.29683996581187305,1.4566434722243884,0
2018-09-17,1.5087384669401003,1.406411860833011,1.5123679790078601,1.4096917216019536,1.4549860265238372,1.458431865827287,0.30542152436397285,1.452813564034819,0
2018-09-18,1.5108900115037276,1.4099011208163417,1.5141727739128814,1.4128676362703565,1.4578402765824192,1.4609569136185185,0.3120856113840511,1.4589020757444087,0
2018-09-19,1.5108112276151657,1.4145002551292165,1.5147137264923904,1.4180268043538211,1.4602188156615685,1.463923827178753,0.36512316168325476,1.4638122265058018,0
2018-09-20,1.5078485304834985,1.4261579881916435,1.5133057674009827,1.4310894988019742,1.464936269692598,1.4701173411720245,0.5118190643445901,1.484336678631832,0
2018-09-21,1.5119473922621887,1.433585205282003,1.5169628283868095,1.4381174762531905,1.4707835254362696,1.475545153610943,1.7152500107485273,1.4863007702841133,0
2018-09-24,1.5207838602849006,1.4338635420374528,1.5233993862945727,1.4362270997248547,1.4751243841690904,1.4776075505438164,0.36673975665333847,1.4733380161608491,0
2018-09-25,1.5276383044059032,1.43223509574221,1.5273792399741861,1.4320009884433904,1.4775227432208813,1.4772767888379585,0.37813319575218196,1.462339196951246,0
2018-09-26,1.534861256244405,1.4352166788278127,1.5341804978964002,1.4346015017579845,1.4825176926869108,1.4818713843600855,0.6364761698775375,1.4888540424104928,0
2018-09-27,1.5354826879337666,1.4394660777528927,1.5358908211456894,1.4398348931984117,1.485044905287896,1.485432384771758,0.29903266541202783,1.487773799838669,0
2018-09-28,1.5394583294085542,1.441306966333685,1.5393784948785774,1.4412348227127274,1.4878991553464782,1.4878233608716203,0.28425987284101545,1.4849258591059302,0
2018-10-01,1.5440728325912814,1.446683442129986,1.5441688464605015,1.4467702064434942,1.4929139247851493,1.493005079837966,0.32309210349463197,1.5025042521228484,0
2018-10-02,1.54750981305412,1.4533692670632874,1.5480770901130871,1.4538818951345243,1.498057531955,1.4985961017542568,0.2605356737255103,1.509869399895628,-1
2018-10-03,1.5532255383010591,1.4560526414541386,1.5532626288856815,1.4560861588942595,1.502180355170746,1.5022155687729861,0.28507676092734757,1.5046647372664959,-1
2018-10-04,1.5534770293241789,1.4561272526943818,1.5528411888188183,1.4555526662789349,1.5023389307698953,1.5017352672021231,0.3644094430191171,1.485907983301381,-1
2018-10-05,1.5468741995324202,1.4577169769625888,1.5439188668422295,1.455046348082241,1.5000396715813133,1.4972338945654196,0.39573496786580775,1.463517714638063,0
2018-10-08,1.5409706660692497,1.4599576718536385,1.5346333455792265,1.454230861068223,1.498414323098582,1.492397704992513,0.2785416562366902,1.4572326526984867,0
2018-10-09,1.5337147800019442,1.4633638588131799,1.5227702823389555,1.4534737061286138,1.4967592525658957,1.4863686051456437,0.31320345823903195,1.4459393216211447,-1
2018-10-10,1.5001377825313946,1.4768773045991805,1.484673138054937,1.4629024562512365,1.4879189911371347,1.4732369405595354,0.4770368295107624,1.4012570594095015,-1
2018-10-11,1.4586762378402145,1.4907992707703699,1.4379569483461154,1.4720759868954658,1.475550553125926,1.4558797707327467,0.7490003869469882,1.3652165810338277,-1
2018-10-12,1.4373839001475317,1.4904947550798393,1.4159942847742857,1.4711657215855993,1.4652831745768815,1.4449759883868938,0.5643750477312716,1.3831877610334782,-1
2018-10-15,1.4240623656057074,1.4801384542989269,1.4061983125738118,1.4639953459086619,1.4535192852762848,1.4365592490766503,0.4269745044928845,1.3859374266512239,-1
2018-10-16,1.426988747132827,1.4612122352890233,1.418452864973508,1.4534986626379354,1.4449664371778521,1.4368625164069393,0.7477105636527795,1.4251203576273757,-1
2018-10-17,1.396899883971656,1.4522354386517695,1.3876260737484878,1.4438550266950843,1.4259677991405693,1.4171632934210299,1.6736747065652007,1.316409742026256,0
2018-10-18,1.3598610732030125,1.4465392855893737,1.3486387845561965,1.4363981030879038,1.405393370461167,1.3947389897697908,0.8608882418672695,1.282038686696504,0
2018-10-19,1.3270638998162207,1.438576040209189,1.3145691118656213,1.4272849454145324,1.385641526009451,1.3737790412994826,0.6699858448264481,1.2677992965100502,-1
2018-10-22,1.3097723293009365,1.4195441144887961,1.3001367381527913,1.410836773997192,1.3674357422408918,1.3582877636502753,0.4918096220817748,1.276833945698062,-1
2018-10-23,1.304511942715295,1.3940547998609656,1.3005181776695136,1.3904457766508245,1.351549045542564,1.347757386414126,0.5557934891791717,1.2885201421274466,-1
2018-10-24,1.2847246864389863,1.3827305359174569,1.2802233743854046,1.3786628605556768,1.3362074218189077,1.3319339002816457,0.491018546902669,1.2492389360363014,-1
2018-10-25,1.2652378361597256,1.3766249508605333,1.258779151496023,1.3707884675944717,1.3237497860218037,1.3176179454197385,0.8860484278089849,1.2417755131485289,-1
2018-10-26,1.2487662170013654,1.3612102017777798,1.243584332787908,1.3565275175977514,1.3078333435464984,1.3029136904484226,0.7538587213551743,1.2254738345641105,0
2018-10-29,1.2227213982955139,1.3442019284034945,1.217526049849876,1.3395070770764534,1.2865354463206333,1.281603010352692,1.75849345350968,1.1748993757649335,0
2018-10-30,1.2121873928731957,1.297649989997056,1.2116035493654553,1.2971223914161754,1.2570811241761939,1.2565268262792655,1.8451868422897957,1.1332613694080853,1
2018-10-31,1.184556918205323,1.287489301366611,1.1818567006652556,1.285049210959984,1.2386275749315974,1.2360640028718488,1.8612150135431447,1.1335559596451346,1
2018-11-01,1.1672637994059776,1.2772316907504082,1.1639081511466938,1.2741993109498944,1.2250302274355307,1.2218443929639757,1.1717356557715646,1.1473043661031732,0
2018-11-02,1.1506484257169844,1.266908749482821,1.1468561625644074,1.2634818163558783,1.2117202853607847,1.2081199310497326,0.910847397462953,1.135912838280148,0
2018-11-05,1.1521194933414518,1.246788396891884,1.1552288047489587,1.249598170854201,1.201849322082591,1.2048012856674002,0.7863279059640722,1.1790238741915522,0
2018-11-06,1.1652430581619366,1.2196661172910968,1.179745240864585,1.2327712232178587,1.1938316369725093,1.2075999315007155,0.8252633060398833,1.2090739592340092,0
2018-11-07,1.1693717618165056,1.2114638106115656,1.1920243324026305,1.2319341317440113,1.1914828278523226,1.2129890569521526,1.064766310571857,1.225964896661836,0
2018-11-08,1.174108274707353,1.2013915878824688,1.2018388354133922,1.2264507078034153,1.1884402722356286,1.2147675179379827,0.8939678935113996,1.2116272313603886,0
2018-11-09,1.17588881560911,1.197424279994772,1.2067605813096032,1.2253219949764793,1.1872014527644497,1.216510941652115,0.5986328037494809,1.213198536029938,0
2018-11-12,1.1768984531142828,1.198889083389002,1.2029467291899942,1.2224279826141091,1.1884501901309572,1.2131802838220902,0.4625392650078832,1.1872729494140992,0
2018-11-13,1.1894418671370823,1.1978173959490348,1.206827179056512,1.2135278830491811,1.1938415548678374,1.2103470768212832,0.35121025130838146,1.186683690570691,0
2018-11-14,1.2038960080137284,1.1937550031396416,1.2126456397200986,1.2016617336424367,1.1985689109761806,1.206875764421396,0.4095017147086796,1.180398707000425,0
2018-11-15,1.216160132471556,1.1913697904940643,1.2194593880870226,1.19435121027112,1.203137699394382,1.2062699949921534,0.4478180160446126,1.1925758871582246,0
2018-11-16,1.2413185342714181,1.1797662514282532,1.2381835478993057,1.176933275914989,1.2089849551380536,1.2060086158794623,0.35051379605353533,1.1938525232214148,0
2018-11-19,1.2422020237445275,1.1794395357732332,1.2361893587194552,1.1740061045669559,1.2092327206140907,1.203524328666338,0.35523451642765475,1.1814789495722489,0
2018-11-20,1.225135819087069,1.1836927139573463,1.217259319183788,1.1765750015632133,1.2033656448977776,1.1958877381065498,0.5360333798705523,1.1509378808013766,0
2018-11-21,1.2226305975415885,1.1741273201325695,1.2173183369910738,1.1693268195008721,1.1971516959332105,1.1921082642395318,0.4588159586572586,1.164391697022366,0
2018-11-23,1.2147827558457653,1.1695407991881595,1.2100558161959216,1.165269232204708,1.1910170347682183,1.1865293036003974,0.20075667989126025,1.1508396840556934,1
2018-11-26,1.2182250340434813,1.158921268596615,1.217343055558399,1.1581242560565639,1.1870726071242632,1.1862352614778087,0.43089560018996326,1.174113723430159,0
2018-11-27,1.2181911466887436,1.157310505947158,1.2188560014055436,1.1579113114719692,1.1862103829512929,1.186841592455894,0.42166904778404823,1.178729283954503,0
2018-11-28,1.214601797286734,1.1646292312977962,1.219171372633391,1.1687585937659246,1.1883510744497332,1.1926894047915593,0.43892686701921835,1.2078955199165025,0
2018-11-29,1.2146530964537106,1.1669977814872374,1.2200411764991075,1.1718667974956969,1.1896196317888825,1.1947350461046207,0.4471473736969928,1.1929686741409569,0
2018-11-30,1.2097932988256266,1.1767286152187215,1.2192854557066124,1.1853063392723595,1.1924243319158598,1.2014361347820235,0.6235522062349351,1.2203672903113512,0
2018-12-03,1.2042958253617206,1.1887525404850714,1.2176326932626844,1.2008045929351787,1.1961308961610913,1.2087928470625038,0.502721494268096,1.2305803788168697,0
2018-12-04,1.2054420289592198,1.1901505298301487,1.2167307576970392,1.2003517518751987,1.1974093634865612,1.2081268220442265,0.5159894929958649,1.1941471134584638,0
2018-12-06,1.2156942066644043,1.1935453931657372,1.2237888068208214,1.2008601949896898,1.20405937557627,1.2117443455788381,0.5965862676813276,1.216831972358831,0
2018-12-07,1.2181696743136203,1.192761118738845,1.2199043002423557,1.194328638401608,1.2048224919770238,1.2064693365364105,0.6036029392845074,1.1719533166558218,0
2018-12-10,1.2320098095234333,1.1876876717421856,1.2284829302213454,1.1845005565477034,1.208727271766688,1.2053788714608695,0.5631798443613225,1.1895316313034299,0
2018-12-11,1.2360244298429417,1.1865690512792497,1.229713904738617,1.1808664545294127,1.210045386946449,1.2040542082359424,0.43364722321760846,1.1871747526684167,0
2018-12-12,1.239249899870987,1.1857862219531115,1.2311306474672026,1.1784491427713495,1.2111652865817772,1.2034569118676912,0.3061610559353369,1.189826221540479,-1
2018-12-13,1.2362602471805144,1.1842051732194907,1.2291797345356625,1.1778067661569722,1.2089155773248,1.2021933765703434,0.3434025867328069,1.1856034479988675,-1
2018-12-14,1.2324233429984806,1.184691550684416,1.2243279497907067,1.1773760322082014,1.2073497045780086,1.1996639816567332,0.3916075333243399,1.177452647891313,-1
2018-12-17,1.2139885386725668,1.185936522838282,1.205029573105835,1.1778406247825506,1.1992527395773598,1.1907471456871175,0.6341201255428006,1.1401355334524497,0
2018-12-18,1.2081696160496007,1.1748565127527477,1.2016101258497873,1.1689289351144927,1.190670153610957,1.184442608773212,0.5408830825740927,1.145536667942258,0
2018-12-19,1.1987002350387976,1.1736596989467711,1.1916868850830467,1.167321984413994,1.1855463743227557,1.178887937465349,0.6001805917025314,1.1433762611679208,0
2018-12-20,1.1818080473069605,1.1683789889320344,1.174903541993184,1.1621396334250589,1.1747537269536665,1.1681986266159579,0.7269787710211808,1.1098890549186267,0
2018-12-21,1.1560368180532377,1.1758196952275097,1.1447412030462125,1.165612250306274,1.166428816449622,1.1557048201048823,0.8931166430199062,1.0894628779075897,0
2018-12-24,1.122695280541253,1.1803663135491855,1.1083915120824375,1.1674405075068706,1.1529900287346895,1.1394101076261054,0.32859534954992237,1.0563684586410278,0
2018-12-26,1.1140325375770903,1.1702713730254237,1.102853297029591,1.1601690915578917,1.1435749485542792,1.1329614374976624,0.5714605263514845,1.0938819665712576,0
2018-12-27,1.1155022397782917,1.1550197997333909,1.111005633026147,1.1509563763849122,1.136260919927026,1.1319918655777286,0.5198504133805562,1.1173524778063992,0
2018-12-28,1.1190821727164906,1.1372575667659905,1.1203644376876092,1.1384163039448856,1.1286297559194887,1.1298471314103065,0.44004471387419924,1.1099872516643097,1
2018-12-31,1.1264942023850448,1.11880576743289,1.1336462713636228,1.1252688374052917,1.1224554469002053,1.1292455828543693,0.42846211713354737,1.1162722352345755,1
2019-01-02,1.1272894367286053,1.1164080264628775,1.1377750370445225,1.1258834899612573,1.1215734027545934,1.1315283754931618,0.36458141945834494,1.1313954745014871,0
2019-01-03,1.1291095258691084,1.1077072224176387,1.1411012108819947,1.1185436810084919,1.1178668385093622,1.1292516799868277,0.373764977754453,1.108808812346803,1
2019-01-04,1.1269019914115608,1.1113812086931805,1.1443726577455842,1.127168827537389,1.118748882654974,1.1353354396321471,0.3850380662285213,1.1521163201188833,0
2019-01-07,1.122553674667353,1.124989122608924,1.1414874580583225,1.1420989082198654,1.1238330219978918,1.1418086544668251,0.32255899297436785,1.1602671202264372,0
2019-01-08,1.1227347660850486,1.1415977566088014,1.1411555704154717,1.1582439813155316,1.1326435455586827,1.1501321584570294,0.4096135158355198,1.1767651923022215,0
2019-01-09,1.1433814346067677,1.1476929062958083,1.1569118438384653,1.1599198551523726,1.1456462622394659,1.1584919602429227,0.3124553771697331,1.185210661016135,0
2019-01-10,1.1509449453195968,1.1604791651580966,1.1629111264206164,1.1712925767722695,1.1559532965518087,1.1673139247520454,0.3362139386903994,1.1960130083650617,0
2019-01-11,1.156022167347837,1.1703805049825557,1.166947669103926,1.1802534917427088,1.1635646405867042,1.1739372533947607,0.320082515808145,1.1927722806495908,0
2019-01-14,1.1687984962776228,1.1727207168228615,1.1757180986363969,1.1789737149916297,1.170858849241316,1.1774282826326268,0.4496065874539242,1.1822646019070233,1
2019-01-15,1.1819942486483368,1.1760025560772562,1.1860519496996558,1.1796693559781397,1.1788467964834277,1.1826991561128348,0.3016036802957995,1.1954237495216535,1
2019-01-16,1.1928242572390138,1.1783092654736458,1.1945242686148057,1.1798455051979173,1.1851994931654946,1.1868134748538461,0.33028938324168516,1.1943435069498298,1
2019-01-17,1.225490433103293,1.1662980922635942,1.2221307181797219,1.1632620375634226,1.1943965378288302,1.1912068424879978,0.4325121129533361,1.1999411133003144,1
2019-01-18,1.2347345189488008,1.1702077462004066,1.2314694175501455,1.1672571903724773,1.2008384322967927,1.1977385625294,0.5166602175501956,1.2159482016476835,1
2019-01-22,1.2469020091734009,1.1674570614460602,1.242236734573608,1.1632412189717718,1.2051693652252775,1.2007401785254592,0.8643879459642136,1.2031817626464754,1
2019-01-23,1.2110839580927375,1.2244641751826744,1.215054311332934,1.2280520419780594,1.2181126219881353,1.2218820540738353,1.8972182646541478,1.305018214203231,0
2019-01-24,1.2038267967623322,1.2533601145266193,1.2129741773801603,1.261626276552502,1.2298467813297693,1.2385312554596437,0.5436948809141254,1.3014828962507103,0
2019-01-25,1.1996757506628495,1.2800906331379638,1.213189849021454,1.2923028424395226,1.2419179039333361,1.2547481164813021,0.49076913174176207,1.3156241680607916,0
2019-01-28,1.203611002867564,1.3007024404351868,1.2182978727696847,1.3139744416053774,1.2546133952201566,1.2685570307856444,0.46069906778411895,1.3185702271699034,0
2019-01-29,1.2178025071632976,1.3141779360430494,1.2299518954355841,1.3251569054518817,1.268428778233298,1.2799633423399706,0.433131293899925,1.3191594076440016,0
2019-01-30,1.2336701575698017,1.323705000465364,1.2425391589787202,1.3317196011162888,1.2809657018299767,1.2893858842309862,0.3870243447775762,1.319650469741727,0
2019-01-31,1.2564528160771502,1.327266212761584,1.2601562561809099,1.330612879663272,1.2936512831304763,1.2971673093150602,0.41996646459435055,1.3200432567244593,0
2019-02-01,1.2846402186972978,1.3242642343044784,1.2820095947989583,1.3218870331928887,1.305454820285364,1.3029573200560598,0.3272711638505525,1.3169008041239814,0
2019-02-04,1.3133553482205989,1.3197665519569366,1.3059143020134107,1.3130423435566851,1.3167231707248785,1.3096586813387499,0.3410809048032313,1.3276047979886048,0
2019-02-05,1.3824783643101801,1.281885565529139,1.3678939412726883,1.2687061419412589,1.3296366975287737,1.3157903244674638,0.46424176599086997,1.3311401943104353,0
2019-02-06,1.383940540540657,1.2870354341811356,1.372521226973118,1.2767162072770242,1.3330360284710348,1.3221945933759502,0.41959669880866857,1.338701735574581,0
2019-02-07,1.387189183566635,1.2853449354839,1.374659403958173,1.2740222199744695,1.333690127113251,1.3217944215108586,0.37657677609448575,1.3079642733123427,0
2019-02-08,1.3864604677039338,1.2855129073963267,1.3748441877844688,1.2750156890161097,1.3334324437418856,1.3224040098479952,0.2794445325426363,1.313070817565102,0
2019-02-11,1.38589835088724,1.2854926141654772,1.375631142270087,1.2762145034659493,1.3331549483068856,1.323407315476575,0.26614217140970614,1.3158205615521577,0
2019-02-12,1.3854347076823106,1.2891566323281123,1.3781464799249905,1.2825705205174673,1.334859576680184,1.3279401723112745,0.28524010566192964,1.3360503450718284,0
2019-02-13,1.382357273081738,1.297861662119935,1.3784876477051184,1.2943648195068418,1.3379715022011245,1.3342977006092172,0.36570789801797154,1.3504861287496484,0
2019-02-14,1.3833874065255056,1.3008172574375876,1.3808723569161734,1.298544496694107,1.340013085927348,1.3376253113085652,0.23985550690836427,1.34027304024413,0
2019-02-15,1.3837217720578436,1.3079296281220698,1.382913833450937,1.3071995227825546,1.3439079557306912,1.343140903147733,0.3305473479005269,1.3554945546260349,0
2019-02-19,1.382199803702804,1.3159271294098467,1.3837527493059283,1.317330471033982,1.3473865902905418,1.3488609485225749,0.2911302987054827,1.36207412843335,0
2019-02-20,1.3827937257688203,1.3200127048098742,1.3853900551207587,1.3223589151614856,1.3498146872103032,1.352279628381068,0.3269272109720968,1.3551998860196754,0
2019-02-21,1.3830350637643776,1.3226623207024246,1.386687191790523,1.325962618707358,1.3513211000391685,1.3547884108122912,0.2525732139132885,1.3536285813501263,0
2019-02-22,1.3923126385704254,1.3257115789640637,1.394477013355286,1.3276674473600418,1.3573269234729817,1.3593817692929797,0.26774150297049837,1.367475184553848,0
2019-02-25,1.4030372745078772,1.3268683406442259,1.4035564123663844,1.3273374670347717,1.3630255294218399,1.3635183961221997,0.2746635546494184,1.3695375513211225,0
2019-02-26,1.4174904429594446,1.3246180146732691,1.4160864981618084,1.323349319769502,1.3687043074890486,1.367371409823122,0.26315831442373466,1.3720908234475022,0
2019-02-27,1.424740128149605,1.3239530635961811,1.4223558635926112,1.3217984886458105,1.371796413037347,1.3695328050462645,0.21762755213816778,1.3666896105883837,0
2019-02-28,1.426214615300778,1.3237714799260978,1.4230823606354421,1.3209409729589414,1.372400961747959,1.36942721595714,0.2973300822223302,1.3564765220828652,0
2019-03-01,1.4345919695134288,1.321332852891607,1.4305601846624336,1.3176894725377961,1.3750966520254067,1.3712688970976794,0.26054430543015605,1.366984279194743,0
2019-03-04,1.4357094368984786,1.3210776790514223,1.4313857987126544,1.3171705612350215,1.3754930672962573,1.371388228376737,0.2929532325199555,1.3594225811919771,0
2019-03-05,1.4336559190461917,1.3213862959251144,1.4292472227659725,1.3174023141386595,1.3746803851458844,1.370494792527445,0.36547574626635615,1.3540213683328586,0
2019-03-06,1.4293336139760622,1.3233678292320807,1.423511562870147,1.3181066490346953,1.3736695032690933,1.3681420791545238,0.23804120479853724,1.3451831910055232,0
2019-03-07,1.4175596594351487,1.329328670128394,1.4092241726934025,1.32179618767789,1.371211684299377,1.363298017863816,0.3748054680944657,1.3292743777731473,0
2019-03-08,1.4072399584636497,1.3308057747139992,1.3985599902594337,1.3229619966366204,1.3670888769016456,1.358848161611989,0.32448517841774605,1.3266228305317744,0
2019-03-11,1.407163013101403,1.3275736562632758,1.4014476913823375,1.3224089236109835,1.365354510660377,1.3599284148536281,0.33873340996642926,1.3523519452869366,0
2019-03-12,1.4084285424563865,1.3237132603257455,1.4062292331567754,1.3217258228531883,1.3639273777220788,1.3618393652610208,0.34005759566579913,1.3579495516374211,0
2019-03-13,1.40901823590165,1.322029517518917,1.4096339738236483,1.3225859379458529,1.3633228290114667,1.363907407294342,0.2728578020375262,1.3606992172551668,0
2019-03-14,1.4087999158884221,1.3234719747675754,1.4109454450964494,1.3254108130870665,1.3639769197446756,1.3660138736750378,0.23548737111734622,1.3629578207751871,0
2019-03-15,1.4084439214229074,1.3242275909642789,1.413379421325541,1.3286876264190601,1.3642048573390637,1.3688905944930287,0.6151339102107065,1.3692428827147634,0
2019-03-18,1.406281121525923,1.3295402682316728,1.4133180604041373,1.3358992992334202,1.3659689456302877,1.372649777684248,0.2810524958080743,1.3769026990939022,0
2019-03-19,1.4049665817441825,1.3356523273417669,1.413050040090592,1.3429570607088979,1.368555618149198,1.3762300101770635,0.29943679360287107,1.3796523647116479,0
2019-03-20,1.4074865243101906,1.3383181515739906,1.4142312242094934,1.3444130966203278,1.3711521927454218,1.377555574679164,0.3138140074809751,1.3709123057606853,0
2019-03-21,1.4157281638217465,1.3423412631800715,1.4207606773911252,1.3468889664297712,1.3771778282428695,1.3819556696520627,0.3100218941133172,1.3889816041367085,0
2019-03-22,1.4330049441261143,1.3349546296904833,1.4335011205521648,1.335403006652426,1.3814988511850335,1.381969918424489,0.33339350864572087,1.3694392762061294,0
2019-03-25,1.4377364744572856,1.3334523073306028,1.4361979676697874,1.3320620135498242,1.3829557219913022,1.3814950718934345,0.244189362500932,1.3667878857033768,0
2019-03-26,1.4415917688712203,1.333628521858981,1.439592788317155,1.331822114337872,1.3848783858816751,1.382980564457904,0.21958809998670717,1.3770009742088953,0
2019-03-27,1.443884168048209,1.3328398922977633,1.4405955046944645,1.3298680443703192,1.3855523124055407,1.3824300730442751,0.26640868556648273,1.3673770661774751,0
2019-03-28,1.446764158426535,1.332369260624761,1.443112095603294,1.3290690215413696,1.386672212040869,1.3832049631710344,0.22906398534681818,1.374054758361163,0
2019-03-29,1.4471831526881052,1.3351413292534364,1.4446952177767791,1.3328930710966926,1.3883272825735558,1.385965250503729,0.2666838314279051,1.3856427580448647,0
2019-04-01,1.4403031857645778,1.3471882606719903,1.4411439896571339,1.3479480651994542,1.391389666071899,1.3921879207808994,0.34260287984905535,1.4072474527427183,0
2019-04-02,1.4380784315500323,1.3539341952627424,1.4410923355107317,1.356657752913884,1.3938772387276002,1.3967386229937808,0.2067844869688799,1.4043013936336066,0
2019-04-03,1.438092001854547,1.3615251401593258,1.442016519881469,1.3650715873051686,1.3978712242121671,1.4015971405920544,0.23055159798748107,1.4104881804581895,0
2019-04-04,1.4378358961080135,1.3642847030589762,1.442935345653797,1.3688928939662295,1.3991992572872567,1.4040406473536813,0.23828198825479838,1.4021409084899592,0
2019-04-05,1.4418734973414684,1.3678619386735984,1.4460296386675768,1.3716176955442725,1.402995027227391,1.406940845526057,0.23490263478262943,1.4070510592513523,0
2019-04-08,1.4488693340601373,1.369482833309926,1.4513388619902448,1.3717144577334166,1.407167392465734,1.4095119490462507,0.1821402303448481,1.408131301823176,0
2019-04-09,1.4531895956852474,1.3691445320362674,1.4534725262843076,1.3694002063403794,1.4090404985154952,1.409309111309774,0.2612752052968743,1.395561334682644,0
2019-04-10,1.4646042713866758,1.3659610267367566,1.4624936585537474,1.3640537411016873,1.4127867106150174,1.4107829061040271,0.23027645212605874,1.4044977871249726,0
2019-04-11,1.4763046738080703,1.3626702727941105,1.4728772118559252,1.3595729975174304,1.4166122184231218,1.4133582044164759,0.25297734210413175,1.4119612100127454,0
2019-04-12,1.483535003778036,1.3622680761395833,1.4800161120514392,1.3590881790325477,1.4198331617025992,1.4164923447581401,0.24927121695608773,1.4175586596246097,0
2019-04-15,1.4835109442183114,1.3634217954084185,1.4812126256614426,1.361344886796882,1.4204277925178828,1.4182457811986604,0.3098327364715088,1.413139570960942,0
2019-04-16,1.4816796572432354,1.3691140767356949,1.4810120214333515,1.368510758036129,1.4225486561346739,1.4219148062752054,0.5418719470996527,1.4253167511187417,0
2019-04-17,1.461346115623304,1.3789611218219096,1.4571140017689281,1.3751367112836541,1.4180690575933605,1.4140511113835594,1.0770626259766465,1.3661004301142854,0
2019-04-18,1.4544275572059877,1.3805908950029546,1.4482916235487433,1.3750460703247298,1.4156409606735996,1.409815538147165,0.42650156928500793,1.378081216780719,0
2019-04-22,1.4425524302677177,1.3830396358376966,1.4346158804180817,1.3758676584460787,1.411290199863465,1.4037552819750274,0.3864310589449245,1.363939944970638,0
2019-04-23,1.438490929897884,1.3811442326980032,1.4313530203092881,1.3746939580619573,1.4083665561736145,1.4015898630684072,0.3836966171198599,1.3791613026139224,0
2019-04-24,1.4342501710963864,1.3809012821588342,1.4265709272939497,1.3739618230765827,1.406225856766167,1.3989352238598154,0.23860867772396252,1.3743494269675225,0
2019-04-25,1.426334470609336,1.3797720303481675,1.4184448219521915,1.372642435893539,1.4018750959560329,1.3943847058083627,0.25023435078113226,1.3613866728442583,0
2019-04-26,1.423235740191478,1.3743841957669287,1.4174923256957424,1.3691940766730515,1.3975738929865105,1.3921211260481643,0.1994754883016973,1.3693411578297565,0
2019-04-29,1.4224100239305015,1.3651311612787143,1.4195082497090394,1.3625089312787528,1.3923212838761376,1.3895663549833888,0.2543789665251807,1.365511249640187,0
2019-04-30,1.425540552564286,1.3554536779100208,1.4265419153438883,1.3563585737844475,1.388723729480436,1.389674417936225,0.3988821695863613,1.3774918795680005,0
2019-05-01,1.4436528210493413,1.330445422153159,1.4500787386728835,1.3362522950122209,1.3841846710211974,1.390285402770961,0.26258220979366365,1.3803398203007393,0
2019-05-02,1.4446613540492432,1.330439640852324,1.449271718785129,1.3346058632385416,1.3846603820006302,1.3890374375699646,0.30451864805802675,1.3708141873843125,0
2019-05-03,1.4447248833541642,1.3302312792666027,1.449595929096137,1.3346330697923143,1.384581086292048,1.3892056310113474,0.2218409748992495,1.3772954860766342,-1
2019-05-06,1.4469956301379125,1.3309903798067844,1.450702974634709,1.3343405749693817,1.3860577612529437,1.38957749424735,0.24019091028888506,1.3785721221398242,0
2019-05-07,1.4387803879754437,1.3331316197646559,1.4405306364063166,1.3347132569261122,1.3832828069029437,1.3849444833821256,0.40644913291238566,1.3516646464364654,0
2019-05-08,1.4345321704139222,1.333291625656593,1.4350085577711955,1.3337221199419877,1.3813502409352572,1.3818025205388824,0.32838037900088757,1.3551998860196754,0
2019-05-09,1.4190166843423644,1.3411053314909276,1.4151711135131122,1.3376302261154442,1.3780896418924813,1.3744386775589157,0.3605227919339104,1.3290778275431607,0
2019-05-10,1.4074368873024365,1.3437965710473767,1.4015080779567994,1.3384389172315851,1.3740064586220189,1.368377678806867,0.3420267752189843,1.3288814340517947,0
2019-05-13,1.3793152817995415,1.3548139310896614,1.3687259136205685,1.3452446962697486,1.3664446566097206,1.3563911672181486,0.42632959284578015,1.2905823521561006,0
2019-05-14,1.3684208958357464,1.351527746170218,1.3583542597880194,1.3424308857570935,1.3595468790439744,1.3499896687360355,0.2820757227387955,1.3091427126298494,0
2019-05-15,1.3646072487157888,1.343352263153336,1.357522986853139,1.3369504680562445,1.3534419478379447,1.3467161875962064,0.2193559482350918,1.319846863233093,0
2019-05-16,1.3644419610925604,1.3365021692323293,1.3612184660479063,1.3335892115844528,1.3497651135516762,1.346704744633768,0.2594522714824016,1.3343809220259064,0
2019-05-17,1.364899840531961,1.3249005764986992,1.3648958679647534,1.3248969866312204,1.3438881199400345,1.3438843484060201,0.22521177887348362,1.3190611325290085,0
2019-05-20,1.371866141025091,1.3086816351807138,1.376440812220521,1.3128156025858595,1.338675150774945,1.3430183190882832,0.28070854292961867,1.3269174991381336,0
2019-05-21,1.3734898886104407,1.3049691774434706,1.3810847477259849,1.3118323810900405,1.3374957754036767,1.3447062939405827,0.21527150780343093,1.3399783716377707,0
2019-05-22,1.3768181471820853,1.2988485804860619,1.387400319691203,1.3084113128354433,1.335860524843632,1.3459071827048112,0.15906102508315825,1.3389964041809401,-1
2019-05-23,1.370592809928629,1.2989086048284457,1.3777733721067527,1.3053974230903218,1.3329369048808037,1.3397540921258968,0.4594694198022978,1.3001080634418376,0
2019-05-24,1.3653263501320063,1.2979323231215223,1.3701688506641563,1.3023083183579245,1.3299240871320799,1.3345215311821716,0.22323404982236364,1.299027820870014,0
2019-05-28,1.3607283629604996,1.300276187307275,1.3586092926326963,1.2983612589353515,1.3289726730822216,1.3269608390709284,0.4220989888821178,1.2811549159853568,0
2019-05-29,1.3481826015807463,1.3047836891634192,1.3418652047463377,1.2990748826758831,1.3253850365818485,1.3193873338876319,0.31635065995958556,1.273593296351901,0
2019-05-30,1.3369130820652544,1.3058550463041663,1.3288831070254916,1.2985986438961257,1.3205982126465725,1.3129745973833744,0.2357710664767034,1.2724148570343943,0
2019-05-31,1.3185654091696972,1.305662889818725,1.3093923635989735,1.297373535289121,1.3117876811767744,1.3030788408781813,0.3043381221208641,1.2470785292619642,1
2019-06-03,1.3091340145894903,1.3027715133518378,1.3001777865248292,1.2946780890792153,1.3057917756382893,1.2972887807178404,0.36690310138792054,1.259648496402496,0
2019-06-04,1.3103304000370106,1.29710581634411,1.307310035689681,1.294376420671696,1.3033834907821626,1.300515973059542,0.3365148974590481,1.3030541225509495,0
2019-06-05,1.3153305253508554,1.2832296262494718,1.3179914397609493,1.2856341998175569,1.298467837024715,1.300994094903526,0.27183457510680503,1.2912698077451923,0
2019-06-06,1.3247698674861421,1.266907783279361,1.3335396006428462,1.2748326787467894,1.2943747595859463,1.3027006972403676,0.19761810987535244,1.2984386403959156,0
2019-06-07,1.3235095414320315,1.2697824069250538,1.3348584244407702,1.2800379882419812,1.295286533690521,1.3060611023905784,0.2195622870794808,1.3091427126298494,0
2019-06-10,1.3195355094120051,1.2780147450056991,1.333926509988108,1.2910193796051153,1.297724540596603,1.3113872794097876,0.2503375202033268,1.323185709324937,0
2019-06-11,1.316109609446942,1.2914682842141016,1.3316562863807802,1.3055172623717055,1.303165455265088,1.3179253870180414,0.2929876771318276,1.3350682208763776,0
2019-06-12,1.3194417254478763,1.298229991082202,1.3331657625422126,1.310631914541023,1.3082991445396102,1.3213286717980375,0.19387762232214723,1.324462345388127,0
2019-06-13,1.3243334623497456,1.3054878386296274,1.3362179706183617,1.3162274454144216,1.3144338057046026,1.3257168941555104,0.25412100186633896,1.3332024043390895,0
2019-06-14,1.345893888909717,1.3013994726564455,1.3518842593819371,1.3068127570694639,1.3225208528099233,1.328208078428694,0.18859797852053733,1.3272120110058727,0
2019-06-17,1.3690477125842693,1.2930789671785254,1.3698322137228198,1.2937878929127524,1.329141127031662,1.3298859282077844,0.18866678553757066,1.3252479193535913,0
2019-06-18,1.3716887192635776,1.2976541264562174,1.3727813613284603,1.2986415081692961,1.332798149254296,1.3338354977742857,0.25062984726732973,1.3392910727872995,0
2019-06-19,1.3813645479134031,1.299456768147107,1.3813541419083675,1.2994473646110283,1.3383381716949974,1.3383282922895914,0.20485830152550172,1.3461651584623535,0
2019-06-20,1.386672646350302,1.3071684975009652,1.386972564475496,1.3074395228273323,1.344908903894139,1.3451936445546786,0.2640698224343265,1.3635471579879057,0
2019-06-21,1.390695905002225,1.3146451842120679,1.3914281316197845,1.315306871323744,1.350746257560497,1.351441429586575,0.45476588063075896,1.366984279194743,0
2019-06-24,1.392390179348506,1.3218115836602182,1.3939790724034267,1.3232474097160591,1.355315053887706,1.3568235404378008,0.1879702480760136,1.3684573087492988,0
2019-06-25,1.3940778317992142,1.3248333327194983,1.3959102077007595,1.3264891855507421,1.3577035108621833,1.3594431587218296,0.24087018434115062,1.3587351256028855,0
2019-06-26,1.4000878739819584,1.326288538413084,1.4006713160929987,1.3268157742660647,1.3613208852305265,1.3618748020435791,0.19644871941262976,1.3603064302724346,0
2019-06-27,1.404268384111457,1.3277179110327606,1.4040662689452157,1.327535266756564,1.3640562154532578,1.3638643283977376,0.18485749096733212,1.3603064302724346,0
2019-06-28,1.4121272831954295,1.3258044043501525,1.409592295045935,1.3235136258581572,1.3667816435986757,1.3643749394367306,0.5291628717993742,1.354217918562845,0
2019-07-01,1.4238634374401085,1.324500033962269,1.4203800948282572,1.3213522613239352,1.3716675753061678,1.3683605085007096,0.2904423929485714,1.373661971378431,0
2019-07-02,1.4303922520383254,1.3258448990304197,1.4269804528913212,1.3227617776728213,1.3754732473236158,1.3722341035002201,0.2072057963623037,1.3770009742088953,0
2019-07-03,1.4321213388907847,1.3326968452813572,1.4298973565332218,1.3306871116452068,1.3798933859470035,1.3777819490169703,0.1659916262600131,1.3899637283321595,0
2019-07-05,1.431164088877119,1.338335081939207,1.4307764874897744,1.3379848203721958,1.3824007627573318,1.3820327760776765,0.18355903596847767,1.3883924236626104,0
2019-07-08,1.4318168356172414,1.3403298979164413,1.4321250868348472,1.3406084535615885,1.3837585020643617,1.3840511541181728,0.20596759888254773,1.3804379386771122,0
2019-07-09,1.4317863621433429,1.3403197051333973,1.4315014497910856,1.340062239989513,1.38373868209172,1.3834681878315775,0.2893675402033975,1.3682609152579328,0
2019-07-10,1.4351323178363167,1.3412769158721216,1.434306082593307,1.3405302765143035,1.3858298236585556,1.3850454003473485,0.21616575240473127,1.3794559712202816,1
2019-07-11,1.4384050339129155,1.3434511684890873,1.4375601078875222,1.3426876389370126,1.3885255139360033,1.387723345696181,0.18340424073183045,1.3870176692230476,0
2019-07-12,1.4405251240176211,1.3494969518935556,1.440429776924901,1.3494107901222192,1.39270778125166,1.3926172592328787,0.23958036104694191,1.4017479647686066,0
2019-07-15,1.4479213617086988,1.353038853781309,1.447486541132434,1.3526459219152631,1.3980793260158988,1.3976665096913707,0.2036459169529721,1.4074438462340846,0
2019-07-16,1.448963333135731,1.3589835280493978,1.4494682969130128,1.3594398458276347,1.4016967003842418,1.4021761102878574,0.29878325025112096,1.4095060562627386,0
2019-07-17,1.4516301031371988,1.361950586237412,1.4521732683994497,1.362441425336842,1.4045212125748539,1.4050368907635444,0.5214583766459941,1.4049886924840778,0
2019-07-18,1.4311598674816046,1.3957117755203483,1.4381741247725999,1.4020503099796657,1.4125388897759281,1.4191981880525528,1.091414109154235,1.4694098328562866,0
2019-07-19,1.4251968238146493,1.4167595483785698,1.435845829335468,1.4263826753399693,1.4207647004167636,1.430874809181036,0.6269142962978126,1.469900894954012,0
2019-07-22,1.427623684992266,1.4318670485300222,1.4388769421158907,1.4420362161408573,1.4298527352305694,1.440536517227841,0.3519154204745843,1.4704900754281103,0
2019-07-23,1.4389899564263378,1.442443176871919,1.4482493601521773,1.4508105701901415,1.440803942380793,1.4495947706489851,0.32178509899784263,1.476774980629066,0
2019-07-24,1.452261239665291,1.4484867504937968,1.4586831514642251,1.4542900034318518,1.4502784903881358,1.4563754190294873,0.2538715867054321,1.4733380161608491,0
2019-07-25,1.4671856269998158,1.4522629207429858,1.470582755140611,1.455332784434868,1.459346689411285,1.46257190466002,0.2667440889470036,1.4768732557440591,0
2019-07-26,1.4796654092887656,1.4572482880627402,1.4812453455214856,1.4586760201574092,1.467889635432404,1.4693896184235091,0.2497356026660294,1.4863988886604862,-1
2019-07-29,1.4948539148974715,1.4577860075214648,1.4935065036666715,1.456568399988268,1.4753820438134337,1.4741028188128495,0.1784685498086762,1.481685131390459,-1
2019-07-30,1.5144478440670477,1.4518523641746883,1.5085416456377072,1.4465151430385317,1.4815662707280455,1.4759589575956342,0.2263811693362063,1.4707847440344695,-1
2019-07-31,1.549261594064791,1.4301463895739321,1.5366541853302578,1.4187535233884947,1.4866900579252542,1.4747206516466507,0.32012550991795197,1.455759623143931,0
2019-08-01,1.5501077168292288,1.4306835587208477,1.5396606517753033,1.4212429181660668,1.4873738865264332,1.4774554989590563,0.5455092652306635,1.4761858001549677,-1
2019-08-02,1.5398288781573855,1.4353876280474231,1.528448559857682,1.4251036397778063,1.4849656095793138,1.4741611963825034,0.6966507424046959,1.4460375967361379,-1
2019-08-05,1.4928687010726074,1.460881784801406,1.4757056090639802,1.4453721099189665,1.4760658882326276,1.45977134067143,0.6117975508483445,1.3823039119530207,0
2019-08-06,1.4654960921102365,1.4674113043975607,1.4459484730682985,1.4497468173742523,1.466502158257404,1.4479437535115154,0.4360204487549259,1.3820092433466613,-1
2019-08-07,1.4384644519382177,1.4712366454560566,1.4170484365090041,1.451883755171634,1.4556797730203448,1.4353475227587222,0.5100734870450855,1.3661004301142854,0
2019-08-08,1.4225578606339637,1.466197264559337,1.4029070834958144,1.4484395572390725,1.445481756466539,1.4268254139770202,0.4523926550934415,1.3758224565220785,0
2019-08-09,1.3980920228368903,1.4595725454477784,1.3794603812105044,1.4427357945869124,1.4303879061279274,1.4126991254308519,0.45097384946981195,1.3368359190372927,0
2019-08-12,1.3721697390767602,1.450528411816332,1.3546604273478762,1.4347058705053737,1.4133317598626667,1.396708513154747,0.3511672571985745,1.3126780305823695,0
2019-08-13,1.3622249278717014,1.4331398547257777,1.3495522732929666,1.4216880281950546,1.3994767289952346,1.3874453786618548,0.38884736079875987,1.3334970729454487,0
2019-08-14,1.3404856286438276,1.4207307583655673,1.3289488868411699,1.4103054157482855,1.382638610338041,1.371685689505934,0.4397609363081311,1.2889129291101786,0
2019-08-15,1.3403568823481808,1.3861328038902374,1.3357177053079663,1.3819405448509199,1.364403096610519,1.3599986867938847,0.32150132143177457,1.2954925029174937,0
2019-08-16,1.3506670277188793,1.351365023377324,1.353530392878676,1.353952544476426,1.3510336867088402,1.353752150244311,0.2589965174771056,1.3135618796628272,0
2019-08-19,1.3514300210557717,1.339883896186149,1.3573106002872173,1.3451979661657485,1.3453648107189449,1.3509478011221903,0.27216134678268006,1.326131768434049,0
2019-08-20,1.3515821439723652,1.325162657169534,1.3592433386760985,1.3320858059242133,1.3377039167524452,1.3449774139412285,0.2595640726092418,1.3060984567750544,0
2019-08-21,1.354202993781859,1.3136251864756672,1.3641647123999385,1.3226272367448786,1.3328873628582065,1.3423449651207808,0.24125713132941323,1.3183738336785373,0
2019-08-22,1.3669566768585761,1.2911953083587169,1.3808162759868214,1.3037197343987321,1.3271590269503857,1.3403172560772123,0.2317296201548495,1.3190611325290085,0
2019-08-23,1.3539331971745368,1.2905877662804262,1.3638778568673406,1.299574401006521,1.320657672564498,1.3300990791748493,0.4143256045049935,1.2724148570343943,0
2019-08-26,1.3450611680362339,1.2916622403879978,1.350838523290942,1.296883030536756,1.317010568237192,1.3224955583501887,0.24368198268118338,1.2765393554610127,0
2019-08-27,1.3443679324893798,1.2835723725468091,1.3506549975528903,1.2892537692934314,1.3124318619236623,1.3184007677971623,0.4065523023345802,1.288127276775404,1
2019-08-28,1.346815420054181,1.2842095043708361,1.3510151422533567,1.2880046437241086,1.313928364766207,1.3179155585121758,0.2333376656269984,1.303741578140041,0
2019-08-29,1.3476339211331354,1.2890543406828205,1.3523492967078004,1.2933154576234562,1.3168619105333712,1.321338662830199,0.2555398074899685,1.3245606205031202,0
2019-08-30,1.34631584171008,1.29358480885972,1.3533672274302706,1.299956894957951,1.318616088838274,1.3253106366465734,0.25457675587163486,1.3309438008190693,1
2019-09-03,1.346868890612662,1.2913116108621587,1.3556104357624912,1.2992110338318583,1.3176845026700652,1.3259836787818433,0.24316605336349992,1.3169008041239814,1
2019-09-04,1.3452334537073491,1.2990531489414143,1.3553028118902388,1.30815246925112,1.3209748158537888,1.3305346105422609,0.19329288598743044,1.338701735574581,0
2019-09-05,1.3315836858448282,1.324066214364327,1.3473856891859315,1.3383459219012057,1.3276347379298186,1.3426370752053156,0.4309385942997702,1.3843661219816747,0
2019-09-06,1.3262326470913113,1.3406933001978878,1.3451809750758743,1.3578162292399674,1.3338288669217437,1.3518183079498776,0.22157446074247292,1.3804379386771122,0
2019-09-09,1.3339386771135207,1.3583126412912798,1.3510503917440746,1.373775888267266,1.3467423858166314,1.362988155970462,0.3634378419028486,1.400373210329044,0
2019-09-10,1.343100377963318,1.378446438862747,1.358767293592943,1.3926040724467164,1.3616677584787804,1.3765418442050512,0.42819552077005985,1.424432902038284,0
2019-09-11,1.359910291571012,1.386706947147242,1.37153010437133,1.397207358066041,1.3739866465583845,1.385018434550421,0.33274859699861653,1.41019351185183,0
2019-09-12,1.3767958671943454,1.3919370364250363,1.384422094150402,1.3988285860717244,1.384749563968511,1.3919898629650722,0.215434852538013,1.4103899053431963,0
2019-09-13,1.3902467693216016,1.396365562290477,1.394800067030045,1.4004802152367772,1.3934609876660926,1.3977838641054448,0.18974163828274457,1.4108809674409217,0
2019-09-16,1.4055225861567238,1.39567352385821,1.4055554958639613,1.3957032631883655,1.4003488473365104,1.4003800916361704,0.16582828152543103,1.399194692642227,0
2019-09-17,1.4353110946088847,1.3840365265873742,1.4285945136401539,1.3779669916169717,1.4083764266148984,1.4019997406431277,0.25222062933018713,1.3964450270244813,0
2019-09-18,1.4630421878940918,1.3701081378679891,1.4516004358839556,1.3597686341425816,1.4142236823585699,1.4033609443263508,0.17056626530884197,1.3966414205158473,0
2019-09-19,1.4680026123009264,1.3693988775153065,1.4570696589577097,1.3595191570212988,1.416205806166868,1.4058261188619319,0.26569496690234506,1.4040067250272472,0
2019-09-20,1.4740158103731753,1.3664364829525593,1.4617710287362635,1.3553713099581182,1.4175041013739877,1.4058789713182351,0.44657118686021086,1.3933025744240035,0
2019-09-23,1.4726693764863614,1.3666532717526683,1.461384017898977,1.356455095192518,1.4169788325539427,1.406264573599037,0.15631795155344788,1.3951683909612915,0
2019-09-24,1.473831455957244,1.3592451333734918,1.4656561006527264,1.351857355998776,1.4136389536205998,1.4058773151132615,0.27787956338700526,1.3913384827717221,0
2019-09-25,1.4743703891491355,1.3579279857508528,1.4691296227423127,1.3531920918301201,1.4132028825864504,1.4082273270495942,0.21726641805713154,1.4058725415645352,0
2019-09-26,1.4745130431250228,1.3576670023625275,1.4721107866477008,1.3554961687546456,1.4131335047731968,1.410852815349389,0.19861560610555817,1.4097024497541046,0
2019-09-27,1.475314500119961,1.356131471562284,1.475035375222445,1.3558792363350947,1.4127073358163609,1.4124423361347298,0.20265705242741208,1.4066581155299998,0
2019-09-30,1.469087540558731,1.367305309112843,1.4712468202703197,1.3692565732725968,1.4156210616108833,1.4176710701956259,0.3429553822254458,1.4280664167364874,0
2019-10-01,1.470559590976137,1.3687295823011871,1.4723604373253534,1.370356942999104,1.4170680145218235,1.4187777283934826,0.25459393707421546,1.4107826923259283,0
2019-10-02,1.4689785811388572,1.3691583791441044,1.4685473820238064,1.368768719863558,1.4165427615197936,1.416133383391132,0.28726946052750235,1.3914367578867153,0
2019-10-03,1.4672980655698877,1.3688846934537295,1.4662060152212555,1.3678978464535487,1.4156012574562564,1.4145644707085034,0.25184231404657026,1.3946774856021864,0
2019-10-04,1.4694074663605947,1.369072685566008,1.4676456485800828,1.367480593595394,1.416701337118943,1.415028676761224,0.20754119974282453,1.4042031185186135,0
2019-10-07,1.466790929870857,1.3699467233592564,1.4630082892624074,1.3665284857826778,1.4159184086545549,1.412327189935322,0.20865041489315964,1.3874104562057799,0
2019-10-08,1.450872878167169,1.3781053631837137,1.4427027923996736,1.3707223477018993,1.4126479075344653,1.404891271897332,0.27734637066003026,1.3589315190942517,0
2019-10-09,1.4435193066839676,1.3781661317806384,1.4350325625618252,1.370496963423403,1.4091891087652715,1.401131839383481,0.2253579424054851,1.3715997613497768,0
2019-10-10,1.4417001568721648,1.375244361970657,1.4352708113429073,1.3694343914353053,1.4067907497134804,1.4006867635284037,0.2230276287712637,1.3859374266512239,0
2019-10-11,1.4417648163939623,1.3742803675299682,1.4385466631157873,1.3713722370461798,1.4063150545520626,1.4032597570786185,0.25768951298031634,1.4019445149985932,-1
2019-10-14,1.4465689639618706,1.363562171713599,1.4477299843125488,1.3646113444478514,1.402965273541406,1.4040675400394318,0.19858979319833184,1.3948738790935526,0
2019-10-15,1.4475885781097568,1.361395613498313,1.4519567602065424,1.365342984060353,1.4023111828081969,1.4064583114780347,0.26015735844189347,1.4043013936336066,-1
2019-10-16,1.4477900403382962,1.36200596157719,1.452090935382155,1.3658925272263291,1.4027274338697042,1.4068106805721428,0.45854081279583625,1.395561334682644,0
2019-10-17,1.4153710196196059,1.3766614788724254,1.413177020807894,1.3746788402986179,1.395036794126227,1.392953823413917,1.3551571599126866,1.3184719520549102,0
2019-10-18,1.3945507488143543,1.3786848557537161,1.3893829495864263,1.3740148996733899,1.3862163526701077,1.3813100717818,0.6171804462788598,1.3168025290089882,0
2019-10-21,1.3722911280225194,1.3823862427620726,1.3633046993584994,1.3742655272835838,1.377594118849414,1.3690624516418048,0.5422503445899804,1.3019738799791256,0
2019-10-22,1.361528137234974,1.3837734049649868,1.3492199777729532,1.3726509596875736,1.3732136359893246,1.36152833536611,0.35784860762794424,1.3155258929457982,0
2019-10-23,1.3526221234719666,1.3818410977332902,1.3401404325816182,1.3705618382854527,1.367970928956265,1.3561208785251004,0.3104948293211937,1.319650469741727,0
2019-10-24,1.3449807527035225,1.3754265958655711,1.3346204181875458,1.36606433060851,1.3609740357092952,1.3511379896497833,0.22344038866675264,1.316606135517622,0
2019-10-25,1.3454242445583964,1.361215564036655,1.3410111790417456,1.3572276339268734,1.353719466999967,1.349529726251878,0.22177225008892712,1.3300599517386116,0
2019-10-28,1.3485778926627825,1.3469137570427623,1.3501211519306762,1.3483083454707865,1.3477037177618179,1.3491688798391006,0.27740662817912876,1.3352646143677436,0
2019-10-29,1.3577227989973333,1.3213303975000377,1.3644573378383622,1.3274161603599595,1.3386057729616914,1.34499950804117,0.3577711689062652,1.3141510601369255,0
2019-10-30,1.38373760970424,1.2848793391697353,1.3967541963425416,1.2966419648515,1.3318070952591543,1.3441649728464586,0.19373145879014575,1.3281941352013236,0
2019-10-31,1.3827522682553492,1.284769836652247,1.3927179766965525,1.293775492382494,1.331281834348117,1.3407432245273803,0.29340043702731655,1.3132672110564678,0
2019-11-01,1.3829800622353379,1.2872807694855692,1.3919100988841024,1.295350525508609,1.3327089672864156,1.3411870962169945,0.26568641740441024,1.3309438008190693,0
2019-11-04,1.3844097652422331,1.2955918316190087,1.392470599612193,1.3028761205045096,1.3377534666840498,1.3454063796299354,0.2868050748175607,1.3519591583042043,0
2019-11-05,1.3837789536576324,1.303576398483536,1.3917910194604461,1.3108166169520898,1.3416483364873928,1.3492549488170227,0.2592544821359474,1.3541196434478517,0
2019-11-06,1.3825246313672674,1.3130111234650288,1.3909494686975987,1.3206243488596838,1.3460089993748403,1.3540074947802971,0.38499507211871437,1.3628597023988143,0
2019-11-07,1.3868269303270677,1.3159529449577785,1.393499810926045,1.3219829894606836,1.3495966358752136,1.355931832950168,0.35029882550450053,1.3521555517955703,0
2019-11-08,1.388445480321699,1.3185843424219865,1.3943596793279396,1.3239287933944996,1.3517472373599746,1.3573621461972127,0.19591552668565476,1.351369977830106,0
2019-11-11,1.387525688999104,1.3184722004541911,1.3911327787283334,1.3217317989545088,1.3512517064079,1.3546762580633298,0.22081774796852832,1.3303544636063505,0
2019-11-12,1.3933189965717994,1.3165763615174384,1.3929914985749188,1.3162804132434494,1.353005884712803,1.3526949598699083,0.2619631110537856,1.3315329812931676,0
2019-11-13,1.3908518278388704,1.3173531214532013,1.3875139034408852,1.3143367580748024,1.3522427604030418,1.3490737528704064,0.25094798723855904,1.3206324371985576,0
2019-11-14,1.3920580378090892,1.3167725053564685,1.384406501288267,1.3098580843576524,1.352510345851721,1.3452460180900268,0.3638419700936918,1.3159186799285305,0
2019-11-15,1.3887540641514422,1.3176262756163035,1.3797426088842129,1.3094829444879659,1.3513904462163926,1.3428350188858356,0.2805365664903908,1.319846863233093,0
2019-11-18,1.3844117869616044,1.3152111086250216,1.3766591838960083,1.3082053573897803,1.3480604851783777,1.3407002053807782,0.2760565473658216,1.3189630141526356,0
2019-11-19,1.382379219021485,1.3106898593147704,1.3767033171830103,1.3055607490043943,1.3447206062450345,1.3393319354616335,0.2575347177436691,1.3210252241812896,0
2019-11-20,1.3810232502967548,1.301387706802802,1.377487750552536,1.2981928016218347,1.3391904858816466,1.3358339013742737,0.3558364339649522,1.3080624700580257,0
2019-11-21,1.3821726945374129,1.2930854074409297,1.380856280481822,1.2918958109508203,1.3353749038778782,1.334125107429297,0.287656407515765,1.3143474536282915,0
2019-11-22,1.3891278306349086,1.2806309731342524,1.390701298980951,1.2820528604301233,1.332134140625759,1.3336279830399196,0.2835461541768778,1.3192576827589948,0
2019-11-25,1.3877833056045077,1.2827892971331356,1.3915000856858983,1.2861480188974261,1.3326296715778334,1.3361583626656799,0.22271812050468015,1.3352646143677436,0
2019-11-26,1.388548792237195,1.2811542295083644,1.3932979748855536,1.2854458966972566,1.332134140625759,1.33664298917715,0.3261704981981522,1.3266228305317744,0
2019-11-27,1.3872775081442448,1.2809635329334605,1.3906801702952374,1.2840383975132315,1.331430492051938,1.334660961260293,0.28211871684860246,1.3136600764085102,0
2019-11-29,1.3879319385545552,1.2812211607215944,1.3904473751556201,1.2834942711757187,1.3318764809814156,1.3342646230080752,0.1569543137026174,1.3203379253308185,0
2019-12-02,1.3837415045291965,1.282196798104464,1.3845478762974313,1.2829254875476837,1.3303997981115125,1.3311653631462335,0.2637345012605166,1.305214607694597,0
2019-12-03,1.377037499189137,1.2841232149112232,1.375959662626454,1.2831492124030963,1.3282293766541096,1.3272060843985531,0.3132120899436777,1.2974565945697751,0
2019-12-04,1.3713943900843546,1.284449487677609,1.3692987644447059,1.2825557454352483,1.3257219998437813,1.3237324240937616,0.3035384152371125,1.296179958506585,0
2019-12-05,1.3675851623376925,1.2854579783966626,1.3636907293930107,1.2819387180679813,1.3244435325183113,1.3207461787542512,0.30916201191717807,1.2953943061718107,0
2019-12-06,1.3668612773147841,1.2849424043726436,1.3635268743020608,1.281929223144671,1.3238290738213785,1.3206634094730367,0.29558450492282556,1.308258863549392,0
2019-12-09,1.3668072075539246,1.284198862970985,1.36516850403099,1.2827180249694965,1.323412822759871,1.3218570464184205,0.25525602992390045,1.3151331059630662,0
2019-12-10,1.370213234346148,1.2772344676683387,1.3717346110560742,1.2786092816082053,1.3213712390336472,1.3228156259276829,0.29927336666157806,1.3150348308480728,0
2019-12-11,1.3722118894223172,1.2729191204109185,1.3756630508232968,1.2760378120353129,1.3200531317628934,1.3233296458992367,0.339937245041024,1.3135618796628272,0
2019-12-12,1.3696018916553232,1.278201967672551,1.374838841081958,1.2829344123242523,1.3215892666417142,1.3265611983580385,0.41481580312216154,1.3288814340517947,0
2019-12-13,1.3698183810426023,1.2775535369016928,1.375984066357886,1.283125247093505,1.321351411151998,1.3272050797431099,0.21798013672126917,1.317981046695805,0
2019-12-16,1.3707746379897168,1.2789911021968543,1.376069819669791,1.2837761692617002,1.3225605006642143,1.3275877177698372,0.262195262805401,1.3171953159917202,0
2019-12-17,1.3746044493778775,1.2794921894351892,1.3782080495652205,1.282748634560805,1.3246417243357218,1.328062963038788,0.2499849356202254,1.318079165072178,0
2019-12-18,1.3803442999798263,1.2788709616002285,1.3821918731357685,1.28054054764893,1.3270400833875127,1.3287941594390282,0.2667182760397772,1.319944981609466,0
2019-12-19,1.3896159754067563,1.2754920812130883,1.3896120885412753,1.2754885687912068,1.3296663879426993,1.3296626977734447,0.33247345113719423,1.321418011164022,0
2019-12-20,1.3910045237787914,1.2787086588220684,1.3912300513431826,1.2789124600485011,1.3320152049718932,1.3322293196327297,0.6115310366915679,1.3315329812931676,0
2019-12-23,1.3913058493845147,1.2815115992717383,1.3919658223384055,1.2821079933213013,1.3336306355592962,1.3342572103443564,0.24104216078037843,1.3311401943104353,0
2019-12-24,1.393044069302037,1.2819595531654726,1.3932528460559164,1.2821482172811258,1.334691075276699,1.3348892868078177,0.10336647168056906,1.3255425879599507,0
2019-12-26,1.3959019771870567,1.2815465921748874,1.395322146468503,1.2810226198086556,1.3358307869756618,1.3352802987992793,0.1831290948704081,1.324855132370859,0
2019-12-27,1.3959499693754536,1.2814089119600771,1.396442582140152,1.2818540685681972,1.3357812449530646,1.3362489288715331,0.23665676158006888,1.3283905286926896,0
2019-12-30,1.3891337565663422,1.2849271596886753,1.3872535460525701,1.2832280804222767,1.3343937519600497,1.332608690175942,0.35417684488506146,1.304232561868456,0
2019-12-31,1.3889078269121184,1.2849615216216679,1.3863189368086157,1.2826220338538747,1.3343045541741543,1.3318466757859806,0.32482049959155596,1.3163114669112628,0
2020-01-02,1.3897662231968055,1.286449804591758,1.387887190114531,1.2847517893282627,1.3354938316227363,1.3337098876857816,0.2707425411590505,1.3298635582472456,0
2020-01-03,1.3896255704081646,1.2864448655470706,1.3873754925775588,1.2844115503614768,1.3354244696274973,1.3332882577952252,0.20411022045620286,1.3192576827589948,0
2020-01-06,1.3886863845444328,1.2864257409992634,1.3860976074681801,1.2840863553701698,1.3349685944387213,1.332510823358013,0.20856442667354572,1.3169008041239814,0
2020-01-07,1.3881560454851032,1.2842636685290205,1.3865295229503718,1.2827938380526724,1.3335811014457064,1.3320368896691677,0.26577240562402416,1.3177844964658185,0
2020-01-08,1.388473557071912,1.2835239475949547,1.3888148873790875,1.2838323956350373,1.3333432459559902,1.3336673031201396,0.37370480244206544,1.3287833156754218,0
2020-01-09,1.3851898511340204,1.2898118171478588,1.3878131207476867,1.292182372454356,1.3350875142745722,1.3375780323854256,0.3207876849743478,1.3428263123705095,0
2020-01-10,1.383646256554719,1.2945649406263482,1.3876867388508998,1.2982161805515622,1.336851602565796,1.3406876148013653,0.2799260172484477,1.342335250272784,0
2020-01-13,1.3828185665858508,1.2978221133711023,1.3879796857548292,1.302486032920106,1.3381697019275423,1.3430696408036875,0.3036244034567264,1.3414514011923266,0
2020-01-14,1.3905888385625331,1.2964791933352229,1.3931802571633458,1.2988209660159675,1.3411527897173032,1.3436130686472703,0.31652263639881334,1.3337915848131878,0
2020-01-15,1.3939237950885461,1.2983330874437347,1.3958087002295092,1.3000364090774987,1.3437097401862585,1.3454992590242587,0.34789970485324584,1.341647951422313,0
2020-01-16,1.3919464059568645,1.3049497984041678,1.395365704781058,1.308039696952896,1.346246854864557,1.3494931188412789,0.37154646524707186,1.3550034925283094,0
2020-01-17,1.3942467028830343,1.3103610880682246,1.397589991226835,1.313382298653388,1.3501813646131837,1.3533554646472261,0.48353757179625856,1.3582442202437806,0
2020-01-21,1.3984096860583104,1.3161644366435452,1.4014212655308125,1.318885893737503,1.3552060361291687,1.3580652135387135,0.6229072945878308,1.3666896105883837,0
2020-01-22,1.3888327183634859,1.3431192747891036,1.3947358570873567,1.348453730978417,1.364819323945004,1.370423732209442,1.4162603394463065,1.4130412958459486,0
2020-01-23,1.390382358934695,1.3559819808649851,1.3971082880507761,1.362059963423158,1.3723117481440485,1.3786973091968084,0.48650416537293856,1.403024757570417,0
2020-01-24,1.394400245075422,1.359558151962584,1.3998842994140377,1.3645138965211288,1.3760976001888545,1.3813041319841655,0.47983144664821453,1.3803398203007393,0
2020-01-27,1.3984269623087502,1.3595605774512693,1.4004607722740885,1.361398459070689,1.378010346183899,1.3799412344640518,0.35827854872601383,1.3612883977292651,1
2020-01-28,1.404286269529617,1.3598313364670929,1.4038311918535427,1.3594200989815275,1.380933974055735,1.3805019257492237,0.2967969717020661,1.37042124366296,1
2020-01-29,1.4107868556987608,1.3574850229923252,1.4053326796776269,1.352556278404994,1.3827872601328544,1.377609094652017,0.26259084149830936,1.3521555517955703,1
2020-01-30,1.4113512897971578,1.35725795837872,1.401501390381978,1.3483569551400625,1.3829359178366751,1.3735844761259983,0.43491978310252566,1.343120980976869,1
2020-01-31,1.4119915431747427,1.3675276023067842,1.4058808117123403,1.3620055519543117,1.3886345158765256,1.382833020178794,1.6333118691611141,1.41147014791502,1
2020-02-03,1.4093263185497227,1.3849537735533948,1.407697443634314,1.3834818173144225,1.396523355346421,1.3949769102322753,0.7641514948016175,1.4364136887047176,0
2020-02-04,1.4028178404833536,1.4095885239473878,1.4066684990006546,1.4130682268853325,1.4063744986519728,1.4100302932093027,0.48333978244980436,1.4643032886035272,0
2020-02-05,1.3743746111354316,1.4587615508485845,1.3919155942396306,1.4746127124532502,1.4187032967178979,1.4353566120597876,1.2370953343827842,1.535205727668058,0
2020-02-06,1.3617951070717143,1.4963346965499835,1.3874786895791036,1.519544035188132,1.43246911398142,1.456852969553495,0.7223440388666753,1.5394284228403594,0
2020-02-07,1.3684920382294536,1.5145263341028277,1.3929288847630068,1.5366090418513483,1.445204245213524,1.468404456334371,0.5523366969853237,1.506530553803784,0
2020-02-10,1.3853975871225885,1.5290772940301687,1.4052215010480145,1.5469914588977973,1.4608729222127923,1.4796936398401621,0.45056108957432295,1.5165472488179363,0
2020-02-11,1.4063550956376274,1.5364197574608238,1.4195635206369424,1.5483557406359703,1.4746784110576276,1.4872184189566509,0.3297734539240017,1.5072180093928755,0
2020-02-12,1.4424295347299965,1.537063286978586,1.4472027528285862,1.5413766741476864,1.4921408983980748,1.4966725660770888,0.3815985374439648,1.5251890326539057,0
2020-02-13,1.5023058960021427,1.5160469148538838,1.4950188910888864,1.5094619080838603,1.50952409002994,1.5026058466226304,0.3285351742375348,1.5153687311311195,0
2020-02-14,1.5310969083678516,1.5031794363329234,1.5147955950174277,1.4884485201265218,1.5164317854910145,1.500955405968901,0.5244593326278354,1.4799175899681642,0
2020-02-18,1.5527598106110143,1.4927159343873202,1.5307533654911125,1.472829493823093,1.5212186015172828,1.5003258004719422,0.2874586181693108,1.4838456165341065,-1
2020-02-19,1.560473600799347,1.4890468780882369,1.5356422537821075,1.4666076743050935,1.5229529519405367,1.499378204174946,0.23499717250017818,1.481488737899093,-1
2020-02-20,1.5570243930775096,1.4825230549091848,1.5373939565789114,1.4647837287003296,1.5178886404792682,1.4992516092839165,0.2476890665978761,1.4850241342209234,-1
2020-02-21,1.5534870959519491,1.4726639920249947,1.5383520311176189,1.4589869730596992,1.5110305028588058,1.496661353426941,0.30413170106976417,1.4714720428849406,-1
2020-02-24,1.531490830387126,1.4793724195533247,1.514937739146687,1.4644139806362857,1.504112889502403,1.4883974734010037,0.46884213574021427,1.4379848366356465,-1
2020-02-25,1.4923776127619788,1.4907194891814635,1.4730225774921784,1.4732290332530176,1.4915065960014777,1.4731310292566342,0.53411582613182,1.3916331513780815,0
2020-02-26,1.4566438397938442,1.4971071454637048,1.43474482284715,1.4773177839129112,1.4778993227010755,1.457108513387578,0.4650156599673952,1.372385335315241,-1
2020-02-27,1.4017199078969196,1.5048563872532048,1.376584524101741,1.482142436263919,1.4558977769013894,1.4320343782484184,0.7241154290734062,1.307178620977568,0
2020-02-28,1.351232498362734,1.5048986795358765,1.3240906940129045,1.4803715977619722,1.4319537551476962,1.4061854715742754,1.118655111362554,1.2781105817612515,-1
2020-03-02,1.3288877834871955,1.4941497728886612,1.3044659182026133,1.472080603161189,1.4157003494104579,1.3925143614070867,0.733599863931452,1.3188647390376422,-1
2020-03-03,1.2956666211536105,1.482287009953281,1.272388315922606,1.461251234711524,1.3936988115197793,1.3715985133019513,0.6789716137761019,1.2658352832270792,-1
2020-03-04,1.290265890075412,1.4557736617983807,1.2764299468242053,1.4432706127318002,1.3772075661108396,1.364071795746881,0.42963150759627,1.318079165072178,-1
2020-03-05,1.283153630758779,1.4213171186606341,1.2765887043933597,1.4153846285531622,1.3557312812221909,1.3494985753179567,0.4683090252199502,1.2722184635430283,-1
2020-03-06,1.2823809114185365,1.3803016412283557,1.2828828921940045,1.3807552633741107,1.3338189332084007,1.3342955110660826,0.7045272962040147,1.2543454802890608,-1
2020-03-09,1.2423950638029024,1.3624396157453287,1.2408432672948453,1.3610373125174735,1.3054547886493342,1.3039815213619987,0.9250182724966679,1.1569282741345934,-1
2020-03-10,1.2385980182978975,1.333911070255783,1.2418151841134506,1.3368183084047742,1.2886662199237453,1.2917205799054685,0.9811857611071336,1.2252774410727443,-1
2020-03-11,1.2152243574871335,1.3139418582340898,1.2177047448646083,1.3161832959533424,1.2670809251855668,1.2694357916672088,0.7262994969689153,1.1584995004348324,-1
2020-03-12,1.1122548613321195,1.3498263332363543,1.0983868177529803,1.3372942762468656,1.2370517921984856,1.2238855459552413,1.0759447791216656,1.0096239080314202,-1
2020-03-13,1.0667421097106702,1.3490710266461519,1.04654905761522,1.3308232847633272,1.2150502463987995,1.195879070971338,1.0750333533177847,1.0601001700849142,-1
2020-03-16,1.0019229526817257,1.3411981053258237,0.9775247586061573,1.3191503264267463,1.1801450995995544,1.1569815849151464,0.9087235048798314,0.9729942491816482,1
2020-03-17,0.9779274666701077,1.3209040707737278,0.9576018477307523,1.302536532956224,1.1580939959592567,1.1387969622807315,0.7961047500928319,1.0473338094530162,0
2020-03-18,0.9664856949592129,1.2733801406782919,0.9566209785825991,1.2644657478793806,1.1276981697512798,1.1183326608968343,0.7543316565630509,1.016890937427827,1
2020-03-19,0.9516080972036914,1.231715541850589,0.9485068211711856,1.2289130291704324,1.098749288545236,1.0958049537023842,0.7220000859882196,0.985367822830814,1
2020-03-20,0.9343467699349374,1.1862998379967746,0.9361955827283165,1.1879705442616706,1.0666983918045727,1.0684536447612265,0.9068747581581323,0.9367573773146083,1
2020-03-23,0.9092898288156502,1.1654745545303422,0.9104418804643424,1.1665156225680835,1.0438643517908792,1.0449581034513105,0.8366137510289198,0.9306687872357085,1
2020-03-24,0.9448878225411913,1.0969125016977788,0.9662554793397944,1.1162216920102994,1.0247467939177455,1.0450331327546623,0.6856614314966957,1.035844084884308,0
2020-03-25,0.9747802691098546,1.047033603199578,1.0095667475416714,1.0784689046307698,1.0127351391411117,1.0457612353135781,0.7441420525388022,1.0394775995825112,0
2020-03-26,0.9632842897544225,1.0764395099364081,1.0015376116934198,1.1110076743527568,1.0227250301641635,1.059042528980547,0.6151167290081259,1.1086124188554367,0
2020-03-27,0.9632212870642315,1.0766473805830605,1.003612660344638,1.1131476258372066,1.022804317963738,1.0611516712639968,0.5523023345801625,1.0608858224196887,1
2020-03-30,0.9670162876247709,1.0993480236353104,1.004067553556436,1.132829932856218,1.036530503190984,1.0717067764768597,0.4784814480416183,1.1090052058381692,0
2020-03-31,0.9656570449450985,1.1086511779797852,1.0035408466838212,1.1428854201538083,1.0407722462425808,1.0767389245614003,0.5454490899182759,1.0893646811619064,1
2020-04-01,0.9677157212129874,1.109790587026649,0.997287126100834,1.1365132122620638,1.0423480289756928,1.0704229622775852,0.5256373547952038,1.0325051604231537,1
2020-04-02,0.9793876058116102,1.117468118051147,1.0026561788772628,1.1384950986817444,1.0519216689372373,1.0740127274894429,0.5441936290292283,1.0802317568589017,1
2020-04-03,1.014636533584567,1.1062737027591967,1.022621596466266,1.1134895196498091,1.0627737841332594,1.0703547600343146,0.39028334762497,1.0442895535982213,1
2020-04-06,1.06991605543039,1.0941468341351857,1.0699136068408588,1.0941446214320474,1.0826445484208258,1.082642223743049,0.6048583179668439,1.127565566311918,0
2020-04-07,1.0769450893166608,1.1056426231504386,1.0778844822938614,1.106491519121858,1.092019980746945,1.0929118354044831,0.481129901647069,1.1287440056294245,0
2020-04-08,1.0783795600809254,1.1297028709207733,1.0823955921595663,1.1333320160553364,1.1053398328080117,1.1091526321380984,0.44357886258301543,1.1714622545580964,0
2020-04-09,1.0669288056907305,1.1562945465209051,1.0801477126557364,1.168240001875069,1.11387286884281,1.1264228282638786,0.4794874937697589,1.1931651460016333,0
2020-04-13,1.0726307376096307,1.1758947223300642,1.086372888683644,1.1883130147470822,1.1268755855235932,1.1399223100972375,0.4402338715160077,1.1897280247947961,0
2020-04-14,1.0678063688031336,1.2009697135716733,1.086958808198213,1.2182770908247924,1.137757430678578,1.155940653985847,0.43756823670797634,1.216831972358831,0
2020-04-15,1.076894853105809,1.2073971408673725,1.091843799520594,1.2209059712466417,1.1454480546040404,1.159640504205958,0.4847414068708533,1.1655700579705626,0
2020-04-16,1.1100334361174549,1.19743057342902,1.1114981195748097,1.1987541556960057,1.155943386565488,1.1573339491894006,0.5552775598614883,1.1365020187542463,1
2020-04-17,1.1295124497060267,1.1989209586091547,1.12675734311517,1.19643126692253,1.1659729254428308,1.163357242012461,0.42701749860269145,1.1796131330349608,0
2020-04-20,1.1826542500860115,1.177443722892011,1.1709528988037228,1.1668696285515336,1.1799171461871514,1.1688079459973666,0.7035297999738089,1.1824609953983893,0
2020-04-21,1.1896087042524102,1.1748193220910275,1.1736519746270195,1.1603997939225366,1.181839802168517,1.166690568588029,1.2338449632400361,1.1466169105140818,1
2020-04-22,1.2029514555931802,1.1710065957299234,1.1854480403818648,1.1551893828918527,1.186170735097002,1.1695530865112576,0.6093555182939937,1.1716586480494624,0
2020-04-23,1.2040882945933131,1.1738657650372426,1.190773243548055,1.1618334277024989,1.1882123188232256,1.1755710807276845,0.5917365649777874,1.191692038077767,0
2020-04-24,1.1991394730405367,1.1844128379169216,1.1940455630791187,1.1798096529347344,1.1914035321437406,1.1865674013290215,0.42872863129032396,1.2247864573443292,0
2020-04-27,1.193618992084419,1.198400799342658,1.1952998641329367,1.1999197435386333,1.1961308882520838,1.1977266991657056,0.4233888121763265,1.2365707721500865,0
2020-04-28,1.1897421393077254,1.2063566671231623,1.1992407363255795,1.214940210899084,1.1984697952949568,1.2074877123925447,0.4108603450199216,1.2400078933569236,0
2020-04-29,1.1876784520004877,1.227088025219658,1.199743252275865,1.237990555468789,1.2083804064274415,1.2198346631432284,0.4520916963247928,1.263772994829115,0
2020-04-30,1.2073986347518082,1.227813335899085,1.2139018726016555,1.2336900802924387,1.2181225319744562,1.2242966711326484,0.5706006441553454,1.2330354541975663,0
2020-05-01,1.2112732111403122,1.2276136403544382,1.2127914476561477,1.2289856166127615,1.2198568823977098,1.221298288008307,0.42353497570832793,1.1967985823305263,0
2020-05-04,1.2141990807299674,1.2273656783598972,1.2114469863426036,1.2248787086942716,1.2211155297505383,1.2185027060900193,0.34549203470405626,1.1949327657932383,0
2020-05-05,1.2353629629411986,1.2192209220540755,1.2258344079624701,1.2106103063360425,1.2268835056036425,1.217837146578571,0.3353024306798076,1.2037710214898838,0
2020-05-06,1.2481965828585528,1.214906104770526,1.2351848552448352,1.203147870016195,1.2307090055027394,1.2183557410473316,0.33231010640261216,1.2095650213317346,0
2020-05-07,1.247758687561188,1.2150754166409388,1.2316370622369548,1.2005068781031463,1.230590077757881,1.2152842930847303,0.3794316507510364,1.1905135987602604,0
2020-05-08,1.2455997859355405,1.2137624335361845,1.2319775768958325,1.2014525284631183,1.228875539398262,1.2159426871491146,0.43015606861859923,1.2077973231708192,0
2020-05-11,1.2434066648381048,1.2094617466030624,1.2330688094085571,1.2001197948956803,1.2255753083192098,1.2157606037838686,0.30399416924240846,1.2038692182355668,0
2020-05-12,1.2365981557336259,1.2042756080571775,1.2279548609498196,1.1964649704434807,1.219619034817001,1.2114131370761168,0.41141063674276623,1.1809879658438336,0
2020-05-13,1.2207271577249743,1.1941667147048542,1.2132681839286208,1.187426305780872,1.2067748858263596,1.1996933760831667,0.5058515147860689,1.1365020187542463,0
2020-05-14,1.2111430664288514,1.186583494926217,1.2048874823160918,1.1809305463934068,1.198241857700569,1.1923028396729782,0.4522464093547291,1.14848280542068,0
2020-05-15,1.20110999020016,1.1864243305842392,1.1936468321819729,1.179680140528032,1.1933955738473674,1.1863100916263924,0.4115654319794135,1.148777395657729,0
2020-05-18,1.2010980646480776,1.18620870876929,1.1972883966200412,1.182766047476373,1.193276646102509,1.1896597676959835,0.3616406387888913,1.1937543264757315,0
2020-05-19,1.200796377341979,1.1821609108897968,1.1998535082604214,1.181308873686692,1.1910071168728897,1.1901119620205065,0.27869645147333744,1.1812825560808826,0
2020-05-20,1.2022096266374107,1.177506710513361,1.205593813772337,1.1805648798792105,1.189233118595345,1.1924460477224703,0.3302549386298131,1.1919867066841265,0
2020-05-21,1.200528753396429,1.175044839130697,1.2038376060329203,1.178034931393798,1.1871419849375169,1.1902833918956104,0.34403023497061974,1.1697928315121744,0
2020-05-22,1.2005183345989523,1.1663756797476894,1.205379777650242,1.1707687926638877,1.1825831065056363,1.1871985344818703,0.3594995650031892,1.1626239988614508,1
2020-05-26,1.2020343280564902,1.1634398212243358,1.2114998725402126,1.1719934966025258,1.1817605301869574,1.1907470673857976,0.47029538597571596,1.195718418128013,0
2020-05-27,1.1920655124975053,1.1824097740868829,1.2062517792324199,1.1952293980068327,1.1869933272336959,1.2004616928354015,0.4924975278386861,1.2328390607062003,0
2020-05-28,1.2017814144612937,1.1902323518437266,1.2132365169861645,1.2005839199537416,1.1957146609175986,1.2065900738569502,0.33666969269569536,1.2229205624377308,1
2020-05-29,1.2108211686292534,1.1970622854097077,1.219961022555871,1.2053216458328515,1.203593590401173,1.2122709187307543,0.6818779498336834,1.2265540771359342,1
2020-06-01,1.2248556546554985,1.1993031965606598,1.2306150979795127,1.2045078003356902,1.2114328799394638,1.2169008645614654,0.24693235382393147,1.2264558803902512,0
2020-06-02,1.2247118219791162,1.2078098878426187,1.2319332196250563,1.2143356076621619,1.2158331906812025,1.222689146900568,0.25608154971487834,1.2373564244848612,0
2020-06-03,1.224109830875462,1.2248809168794648,1.232963907444781,1.2328820304844803,1.2245148844198217,1.2329208972581105,0.3368760315400844,1.267308312781635,-1
2020-06-04,1.2262022524606029,1.2371587745354637,1.2357307107496431,1.2457693028784695,1.2319577428692468,1.2410040100976465,0.33232728760519276,1.2657370081120858,0
2020-06-05,1.2348527665279505,1.2537548163929906,1.2438558901713952,1.2618906185296943,1.244782063978239,1.253329581309831,0.5067027652775623,1.2968673357263665,-1
2020-06-08,1.2472291323468838,1.2753229380369666,1.2557360132385973,1.2830103032755724,1.2619868837653354,1.2700632708882265,0.4617997334365192,1.3331042859627167,-1
2020-06-09,1.2635023996430077,1.2796913616057848,1.2685124089984794,1.284218728598998,1.27200650474735,1.2767629807764793,0.46378609419228495,1.2950015191890785,0
2020-06-10,1.270178811104461,1.2818273079803921,1.2726465966752891,1.2840573578958667,1.2762977977305514,1.2786407001245075,0.40713703866929696,1.2753609161435058,0
2020-06-11,1.2396343385454145,1.2971283242005405,1.2280164734876076,1.2866296733872682,1.2698360832899471,1.2588061444742107,1.01153105313291,1.1588922874175642,0
2020-06-12,1.2306011365854104,1.299650239651485,1.2124133187027433,1.2832145564983914,1.2668728154728277,1.2496053986592053,0.5348725389057646,1.1971914476825687,0
2020-06-15,1.2213984167536203,1.301853680053685,1.1981701759691072,1.280863146268879,1.2636617821796712,1.241609014879004,0.44276197449668325,1.1946381755561892,0
2020-06-16,1.219874673055958,1.3016269780871328,1.197285420049931,1.2812138747963886,1.262819377979343,1.2413732622506843,0.48211013446798323,1.2290091525166307,-1
2020-06-17,1.2136494229688501,1.2980079365553645,1.1940740720628134,1.2803183892343053,1.2579631762308132,1.239378443001788,0.2714476281185424,1.2191888509938444,0
2020-06-18,1.2083984807852657,1.293829187684404,1.1920605712445513,1.279065200804428,1.2532754600677538,1.237764336318729,0.24639061159902165,1.2192870477395275,0
2020-06-19,1.2033114005989562,1.2803332604852218,1.192385762873501,1.2704601508543953,1.2437711900104553,1.233398448113811,0.6964185906530805,1.20269077891806,0
2020-06-22,1.2126932443794418,1.2441592332246836,1.2106722143948578,1.2423329004186363,1.2292224126465157,1.2273036576115919,0.4104647663270132,1.1889423724600214,0
2020-06-23,1.2161027450823398,1.21757056459872,1.2186854595111363,1.2199044716292646,1.2168737946079489,1.219325809843657,0.570325498293923,1.172640693875603,0
2020-06-24,1.2120440421101302,1.1958628767090873,1.216116834877419,1.1995433144561114,1.203544032560561,1.2074107201842206,0.5805064706135259,1.1432780644222378,0
2020-06-25,1.215535190749679,1.1946324298618491,1.2132285868165569,1.1925480340509254,1.2045549144373522,1.2023650370263232,0.5271594120477388,1.1689089824317167,0
2020-06-26,1.2042056059651227,1.1959655990702776,1.1989855431552914,1.1912484142526643,1.1998771082606134,1.1949212086077725,0.9243819925542094,1.1508396840556934,0
2020-06-29,1.2018414935292396,1.1945173327135818,1.1970485942275402,1.1901861603422943,1.1979940922245313,1.1934437393167734,0.3576679994840707,1.1759796183367572,0
2020-06-30,1.2050934918759844,1.1833151096149823,1.2055354772498224,1.1837145160533777,1.1936532493097256,1.194072867854667,0.3370308267767316,1.1859963133509097,0
2020-07-01,1.205113827435098,1.172712644083112,1.2077217024474225,1.1750692878367466,1.188093398987375,1.1905693015462273,0.4003439693197978,1.1640970284160068,0
2020-07-02,1.21125451253106,1.1587490803072875,1.2177004248926073,1.1645740216988527,1.1836732682729947,1.1897929829198512,0.32219785889333163,1.1754885562390318,0
2020-07-06,1.215030213980626,1.1510355567377442,1.2241171741873313,1.1592471189903284,1.181413649029696,1.1900407603450958,0.3478567107434389,1.180300510254742,0
2020-07-07,1.212944069751433,1.146336338956019,1.2209340142747314,1.153556567212256,1.1779548502605022,1.1855404607659268,0.36786623521296513,1.1546695922452628,0
2020-07-08,1.2106073871895788,1.1452406210705515,1.2167403458973525,1.1507827573929101,1.176270049768853,1.182092647894205,0.44651964325246907,1.1559462283084527,0
2020-07-09,1.2071708289997083,1.1470065905118039,1.2072776921840171,1.147103158964895,1.1755663932860247,1.1756678486204357,0.40956189002106713,1.1363056252628803,1
2020-07-10,1.2065632759022065,1.1462726997429138,1.2068537930387662,1.146535229730724,1.1748924746711664,1.1751682900834846,0.3685196963580043,1.1622312118787186,1
2020-07-13,1.2099757856849924,1.146981084929645,1.2093508500263344,1.1464163528357216,1.1768845005567783,1.1762911899920168,0.3999053965170825,1.1705784054776387,0
2020-07-14,1.2091826128388221,1.1493014867899793,1.2112952533580108,1.1512106047728938,1.1777268968480992,1.1797326264335568,0.38990495013464227,1.1843268119356776,1
2020-07-15,1.2034326721266613,1.158704718560963,1.210738400958469,1.1653066454692174,1.1799369582507857,1.1868729780460108,0.38465966873819357,1.2078955199165025,0
2020-07-16,1.1987515643725155,1.173254828816841,1.2084176943029865,1.1819897661182122,1.1853580608556362,1.1945350328025095,0.372406347443211,1.2178140181849715,0
2020-07-17,1.1935917435620431,1.188124343281769,1.2063013264117708,1.199609540575568,1.1907197035425614,1.2027861133784914,0.34262869275628166,1.2286163655338986,0
2020-07-20,1.188570774459929,1.2043210999130634,1.2043313083820029,1.2185633330131456,1.1968444626302404,1.2118074290615812,0.8536652314197009,1.2409899391830643,0
2020-07-21,1.1942513203956753,1.2151865507863304,1.208345824339111,1.227923251940299,1.205248653024852,1.2186298995241636,1.3204867262056992,1.2379456049589594,0
2020-07-22,1.199414426632588,1.231198486018714,1.2129012139038313,1.2433860152634717,1.216110678207195,1.2289149617552042,0.7047078221411773,1.2635766013377487,0
2020-07-23,1.223397330542071,1.2314488247591608,1.2310744535429263,1.2383863673485682,1.2276268020317544,1.234915421460452,0.3628789184753582,1.2504173753538081,0
2020-07-24,1.242139107056327,1.2285491964159778,1.244297987145193,1.2305000994509119,1.2350002905769333,1.2370499197620048,0.3036330351613722,1.2352941360868968,0
2020-07-27,1.2627184745446773,1.2231777500158634,1.2601963486689214,1.2208985947024793,1.2419476259832913,1.2395531331950935,0.321028386223898,1.2394186345135152,0
2020-07-28,1.2796204054114881,1.215205410332374,1.2719132150659287,1.2082406969545854,1.2457830358687092,1.2384658706641065,0.3592759627495087,1.2223313819636326,0
2020-07-29,1.2876783139433567,1.2123007832380266,1.2782255818258315,1.2037586859387803,1.2480822950572912,1.2391079218502459,0.24358744496363463,1.2306785755625527,0
2020-07-30,1.2824700126518143,1.2149131571225524,1.2701362099907223,1.2037675389995737,1.2469822153946046,1.2352725692556357,0.3429296515249304,1.2069134740903618,0
2020-07-31,1.2754165276201261,1.2171931168537469,1.2621186082177285,1.2051762607744108,1.2448316139098434,1.232206640504211,0.4537684666072641,1.2073063394424042,0
2020-08-03,1.2728592356106865,1.2156175452769473,1.2616697500378373,1.205506005744944,1.2427900222746122,1.2321667846458402,0.30320309406330265,1.2207600772940834,0
2020-08-04,1.2727785977553001,1.215275348387241,1.264688325751894,1.2079644577609912,1.2425719867575375,1.2348911258802397,0.29804380088646787,1.235785119815312,0
2020-08-05,1.2775053529978604,1.2049289338657947,1.2743840119675265,1.2021082891618355,1.2393807655280153,1.2364173810837715,0.31124299259720345,1.2319552116257426,0
2020-08-06,1.2797242060792446,1.2006410000262917,1.2804529358459533,1.2012995271584148,1.2381815860021197,1.2388734381367426,0.2938303781253861,1.2385348638023679,0
2020-08-07,1.2795807628748563,1.1992047153035992,1.2810908767851967,1.2005693514526719,1.2373590096834406,1.2387927037359168,0.313942989810396,1.2271433359793427,0
2020-08-10,1.277765948123359,1.202542680057791,1.2823476237950169,1.2066829771585976,1.2382509638153736,1.2426007821408993,0.3412270683352327,1.2482568902101607,0
2020-08-11,1.2781431041290774,1.206503414273749,1.2829432335932665,1.2108411202853329,1.240510583058672,1.2450678002439448,0.430044267491759,1.244721650626951,0
2020-08-12,1.2779998748487977,1.2092364208273407,1.2833905902055307,1.214107818272782,1.2418782481700377,1.246996164436233,0.30351260232988614,1.2442305885292253,0
2020-08-13,1.2850923193375212,1.2068457936707728,1.2867517853074488,1.2083453939560311,1.243989209709515,1.2455646978068569,0.2726944573029441,1.227830713199124,0
2020-08-14,1.2947292811950684,1.2025330976213562,1.2931783808022892,1.2011316041809572,1.2462983788844182,1.2448259623641245,0.2548174571211851,1.2301875918341374,0
2020-08-17,1.2953065899632699,1.202256683107441,1.291408026375088,1.1987336900633658,1.2464272245246046,1.242725949149745,0.2889290496073931,1.2220367917265835,0
2020-08-18,1.2935839698336582,1.2020776416725811,1.2897470204000707,1.1986103271452577,1.2455154504200299,1.2418726711932988,0.24785241133245817,1.2267504706273,0
2020-08-19,1.2885696413369574,1.2035714196858232,1.2836281883069454,1.1991060046018855,1.2439198477142763,1.239228458693086,0.3219312625298441,1.2161445951390497,0
2020-08-20,1.2814712472851695,1.2043826336696375,1.2760417675406177,1.1994762062277489,1.2409763919607912,1.2358216729925724,0.2202330116338115,1.2093685494710582,0
2020-08-21,1.2765135915157193,1.2054667279746465,1.270046156345559,1.1996223371876005,1.2391924836969257,1.233052335410931,0.2910787550977409,1.2094668245860516,0
2020-08-24,1.2783103549563664,1.20114515506102,1.2757319686601778,1.1988151592097407,1.2377752686539556,1.2353273625241472,0.3500408608456588,1.234213893515073,0
2020-08-25,1.2796282913141013,1.1959733512083666,1.2792392201206724,1.195621761429953,1.23568412708712,1.2353147449814461,0.25604710510300627,1.2240008050095543,0
2020-08-26,1.2819738231531923,1.189080558660711,1.2833228599171662,1.1902996351303339,1.2331767423677842,1.2344575106408509,0.29135390095916325,1.2193852444852107,0
2020-08-27,1.282002072627283,1.188338104506637,1.2839200600536027,1.1900713214232552,1.2328001391605676,1.234621066142969,0.2943118628311975,1.2240990017552378,0
2020-08-28,1.2822147573420402,1.1877685880907303,1.285279629150596,1.1905382035704564,1.2326019315251424,1.2355117043928974,0.2665291183979688,1.2282235785511664,0
2020-08-31,1.2797388049662608,1.1878741050130517,1.2814103749496806,1.1893846432641464,1.231482031889814,1.2330690114726897,0.4151424925913257,1.2109398541406073,0
2020-09-01,1.2780646520735892,1.186519272904786,1.2793886419471425,1.1877157153917302,1.2299756190609483,1.2312326079504978,0.2713186457891215,1.2118236248517549,0
2020-09-02,1.2693562577832946,1.2025767855037044,1.2736395128561817,1.2064474105394292,1.2342768220304707,1.2383433214390165,0.566868706100075,1.2587646473220386,0
2020-09-03,1.2722383306188894,1.202425011995689,1.2742130427537972,1.2042094890108699,1.235565207251269,1.2374399883679674,0.4915774703301594,1.2221349884722663,0
2020-09-04,1.2689969370829395,1.2037316237157107,1.2670102568182133,1.2019363315279292,1.2347128930646198,1.2328267494696195,0.5174942868391084,1.201021355872138,0
2020-09-08,1.259100935823001,1.2042409768696478,1.2557359709536564,1.201200177980489,1.2302828523639184,1.2270881727527079,0.44802443709571255,1.1903172052688944,0
2020-09-09,1.2550443078384637,1.2034165824789818,1.251211201926226,1.1999527412049924,1.2279241253484037,1.2242849951402415,0.32423576325683917,1.2006284905200957,0
2020-09-10,1.2460692119434147,1.2047162664150757,1.2403622213602856,1.1995590623135661,1.2243463988343515,1.2189282125634069,0.34209550002930667,1.1839340249529453,0
2020-09-11,1.2417149184192453,1.2026326831084415,1.2364296660908285,1.1978565888449955,1.2211849154727994,1.21616712524042,0.3050948348948087,1.1927722806495908,0
2020-09-14,1.240113342769337,1.1984577528164515,1.2367551184692145,1.195423045139593,1.2182315497329934,1.2150432695820739,0.3131261017240638,1.1989590674741737,0
2020-09-15,1.239202078903039,1.1976398440675011,1.2364478021248397,1.1951509022530165,1.2173693255600235,1.214754429949343,0.2506728413771367,1.202396188681011,0
2020-09-16,1.2392895891714133,1.1991078231602244,1.2388087986636012,1.1986733499045323,1.218181999801389,1.2177255398702425,0.32575773830266325,1.219876306582936,0
2020-09-17,1.250697265140021,1.182648637407613,1.2575086078353812,1.188803805174867,1.2149511386265832,1.2214177908737058,0.2726944573029441,1.2267504706273,0
2020-09-18,1.251870796132195,1.1783997148023946,1.259528641070938,1.1853198364937738,1.2132762402122474,1.220546557152103,0.4636141177530571,1.205538641281489,0
2020-09-21,1.2463684567448583,1.1795043579796471,1.2506515359865806,1.1833748241230115,1.2112445664723446,1.215310898947725,0.4567177967746526,1.1808897690981504,0
2020-09-22,1.244298055334235,1.1800546605473567,1.245293270089563,1.180954000671245,1.2105508278848445,1.2114956794393397,0.25433597241537376,1.18344304122453,0
2020-09-23,1.234414304395986,1.1825150689742263,1.2325135162849432,1.1807973944661678,1.2071514969425834,1.20534689889792,0.3387419594643641,1.1669449691487457,0
2020-09-24,1.2255327119289712,1.1858810355249214,1.2195068389699981,1.180435668779257,1.2047035800501804,1.1989826485607749,0.3049314079535157,1.1596779397523391,0
2020-09-25,1.2199226422099863,1.1862151672950727,1.2126645088836971,1.1796562507497579,1.2022160153034867,1.1953251824260958,0.2539833878322723,1.1681233300969422,0
2020-09-28,1.2197577853220876,1.1856849470576067,1.2149998503683164,1.1813853707220785,1.2018592320689119,1.1973420741256728,0.30174984382780096,1.1954237495216535,0
2020-09-29,1.2188984295621723,1.1836315423802344,1.215945072202086,1.180962698535339,1.200372639212688,1.197568737564608,0.18114281632135326,1.1876657363968317,0
2020-09-30,1.2212917346361378,1.1766578482860393,1.222581152791606,1.1778230495428275,1.1978454345207106,1.1990696012064093,0.2804162158656157,1.1948345690475553,1
2020-10-01,1.228474497491141,1.1629411843808761,1.233954603273452,1.1678933607697402,1.1940496724895837,1.199252455546703,0.27616834849266186,1.1891387659513875,0
2020-10-02,1.2307697392500947,1.1567353021460476,1.2377065921154757,1.163003888983157,1.1918792510321807,1.1984650619620043,0.25153272357327583,1.1840322216986283,0
2020-10-05,1.230290508714287,1.1604888521200898,1.2374446381972932,1.1669537840969462,1.1936235114417555,1.2004156036277798,0.2623070639322413,1.1981734151393992,0
2020-10-06,1.2301474770647896,1.1633726023854305,1.2373825845663904,1.1699107113131761,1.1950704564436883,1.201939428726535,0.3329721992522971,1.197780628156667,0
2020-10-07,1.2311538165460532,1.1723492374318036,1.2382179375204678,1.178732831925635,1.2002636135451434,1.2069702521355437,0.242091200618326,1.2184032770283801,0
2020-10-08,1.2103167103412888,1.216460054822348,1.2218112572372768,1.2268472674054955,1.2135438256609266,1.2244566868748001,2.1745474541115972,1.2912698077451923,0
2020-10-09,1.2168792561078734,1.2272076844569597,1.227193015149022,1.2365278611164818,1.2223048071991203,1.2320966347524687,0.718319773747402,1.254934739132469,0
2020-10-12,1.219737095345375,1.2349639821489462,1.2298135756625022,1.2440697384776653,1.227735819790292,1.2373023761948352,0.39856402961513204,1.2492389360363014,-1
2020-10-13,1.2267682657582784,1.236458620544635,1.232983724167851,1.2420753089087913,1.2318586350970304,1.2377595579970837,0.4648609469374589,1.2285181687882154,-1
2020-10-14,1.2331065566823693,1.2387869076208482,1.2368529092477312,1.2421723529855033,1.236090460253299,1.2396472272989232,0.32057271442531304,1.2367671656414525,-1
2020-10-15,1.2418674029471588,1.2380393040271966,1.2412808925319478,1.2375092954570326,1.2398564923254631,1.2392996624808763,0.2910959363003215,1.2264558803902512,-1
2020-10-16,1.2557334860065745,1.235621445389929,1.251226105869653,1.2315482865173857,1.2451685771717764,1.2408892946287156,0.4050388767866909,1.2366689688957695,-1
2020-10-19,1.265334897622697,1.233567129367107,1.2577552375492378,1.2267176605534649,1.2486472038226195,1.241451115174804,0.6430800815852282,1.232642667214834,-1
2020-10-20,1.2401917584548567,1.247609514131254,1.2224296431238477,1.2315585232101616,1.244088325390739,1.227225068297954,1.8488413416233869,1.1526073038472986,-1
2020-10-21,1.2047589742393732,1.2626301656460535,1.1797580495776092,1.2400377205860713,1.2351588661760826,1.2114231223036929,0.8388408952409466,1.1299224449469312,0
2020-10-22,1.1867943169521677,1.2491872216077227,1.1659243058387347,1.230327735974275,1.219569476976389,1.199755600285661,0.6755062720843191,1.1367966089912955,0
2020-10-23,1.1715229664613518,1.2407438223492513,1.1533609120286323,1.2243314207081566,1.2078848675663594,1.1906419104340287,0.3347865013621241,1.139153487626309,0
2020-10-26,1.147090836048221,1.2345414400986463,1.1295481859648504,1.2186887721042827,1.1930288727174645,1.1763739747544841,0.6194075082841758,1.1020328450481216,0
2020-10-27,1.1218338684480935,1.2299334169587428,1.1040226842892478,1.2138380842858132,1.178618850980032,1.1617090082051011,0.5104347033328327,1.0857311664637033,0
2020-10-28,1.0905122996268874,1.221844189060837,1.07277843182138,1.2058187244223362,1.1595012931068982,1.1426648540634217,0.8106367592075832,1.0473338094530162,1
2020-10-29,1.0776299644701801,1.2033368842953582,1.064454715633705,1.191430881236804,1.1436641463401749,1.1311556357123322,0.5812975457926317,1.0695276846249682,0
2020-10-30,1.0847799073049913,1.1699532834475537,1.081801786010469,1.1672620613172233,1.1295217100514214,1.1266942976567191,0.681155681671611,1.0965334354433198,0
2020-11-02,1.1090638254727878,1.1242181529498472,1.1177768418883138,1.1320917955185779,1.1170244343090339,1.1252965253933747,0.45672642847929834,1.108808812346803,0
2020-11-03,1.1127443089341347,1.114836097311933,1.1259760836399553,1.1267931807851095,1.1138431309748398,1.1264053069600684,0.3615202881641162,1.1210841892502856,0
2020-11-04,1.112360871346032,1.1092207888054304,1.1255574404712876,1.1211460582495067,1.1107113775722506,1.1232401295679877,0.49874030546534054,1.0988903140783335,0
2020-11-05,1.113811365469836,1.106042260033433,1.1307608472920754,1.121358902999433,1.1097302335634296,1.1258219807585916,0.4215314337499816,1.1270745825835025,0
2020-11-06,1.1168802472442412,1.0995711986096155,1.1367152392667403,1.1174953743589569,1.1077877576094222,1.1266189927227763,0.45136934595600936,1.1199057499327787,0
2020-11-09,1.1150380483564704,1.1074807298954987,1.1349326231219572,1.1254587484472836,1.1110681687158326,1.1299559713660239,0.7732232519708854,1.134538005471275,0
2020-11-10,1.1133134906636502,1.122905996097148,1.132928460614822,1.1406313457380273,1.118352459475116,1.1369748068132397,0.4834945776864516,1.1579102415914238,0
2020-11-11,1.1355979208117108,1.1226724788144848,1.1489011113843128,1.13469409826257,1.1288081514912798,1.1414381293176512,0.3688550997385251,1.1509378808013766,0
2020-11-12,1.1542666784734341,1.1163485459501528,1.160456467412624,1.1219420377282951,1.1343481818409884,1.1402247342834453,0.5587686322537866,1.1244231137114398,0
2020-11-13,1.1623527703497107,1.1188331345049265,1.166539325731543,1.1226163754743805,1.1394917890108391,1.1434664822509943,0.4026484700467929,1.1475007595945392,0
2020-11-16,1.165696809162875,1.126093475095413,1.1698538413878714,1.1298500370396773,1.1448930716430479,1.1488397357563431,0.45517000882160213,1.1623294086244016,0
2020-11-17,1.1685155524728748,1.1302250106795682,1.1723551945072344,1.1336947584142965,1.1484014282528539,1.152046763820326,0.35551829399372287,1.1558480315627697,0
2020-11-18,1.1841774813675017,1.1252598507965446,1.1839320619317117,1.1250380739944963,1.1532278921334134,1.1529948922364883,0.3961305465587161,1.1467151072597648,1
2020-11-19,1.1884967000707811,1.1259035471722838,1.1873307850357535,1.1248499512861385,1.155616349107891,1.1545094356227787,0.29576511306669917,1.1507414873100104,0
2020-11-20,1.1977380838533034,1.123023717632362,1.1943946016422318,1.1200023318562518,1.158490427048122,1.1553161429575316,0.43203062824752475,1.148384608674997,0
2020-11-23,1.1970748927373225,1.1322261180916127,1.1956451218304252,1.130934085052857,1.1630096576257116,1.1616522407900771,0.48586780322376905,1.1793184644286012,0
2020-11-24,1.179259123096977,1.1606076648210069,1.1847122923214037,1.1655354996020169,1.169461462079995,1.174638671713435,0.6666236725568597,1.2218403198659074,0
2020-11-25,1.1743456975703859,1.1782542821028639,1.1832657311234318,1.1863149986846229,1.1763988875000322,1.1848675195451512,0.355638644618498,1.2196799130915699,0
2020-11-27,1.1831109197930418,1.1889169309617822,1.190848514114691,1.1959091193297442,1.1861608330196884,1.1935068635962296,0.17981854841527245,1.2211529426461258,0
2020-11-30,1.1893515824766125,1.195861396376577,1.1959964535368715,1.201866129657069,1.1927712051641137,1.1990798101331364,0.5148974590481105,1.2130020641692614,0
2020-12-01,1.1938427362486335,1.2008588110424645,1.1995964153635543,1.2060582059070641,1.1975282991404268,1.2029908112532106,0.4565200896349093,1.2094668245860516,0
2020-12-02,1.201151361063877,1.2073098594317881,1.2058228574117291,1.211531324278173,1.2043864367608894,1.2088215303549674,0.3173567056877261,1.2238044115181885,0
2020-12-03,1.2161659457859266,1.2066463840433483,1.2168051692476403,1.2072240275159476,1.211165294490785,1.2117721698191866,0.39109160400665643,1.213885913249719,0
2020-12-04,1.2305695458499708,1.2125345566427628,1.2301056004019149,1.2121153056675351,1.2210957176869037,1.2206552503652028,0.4748957557250603,1.2491407392906184,0
2020-12-07,1.259456495287485,1.2010708312924725,1.253802432799603,1.1959614564252885,1.2287863495213738,1.2234184129003696,0.7152930048583344,1.224590063852963,0
2020-12-08,1.276854041008852,1.1959522432407226,1.2696315512442486,1.1894255365124455,1.2343561098300453,1.2274991167590745,0.46390644481706006,1.234508483752122,0
2020-12-09,1.275487501414752,1.20165849570583,1.2713575412681386,1.197926397834467,1.2367049268592392,1.2327839648320582,0.5600842684552216,1.245114437609683,0
2020-12-10,1.2765803607305364,1.2021047698920728,1.2727382009755386,1.1986327469828875,1.237458133273672,1.2338104073957206,0.41301860000820423,1.2271433359793427,0
2020-12-11,1.2764257362196971,1.2020935611949022,1.2722420591934291,1.1983129212928418,1.2373788454740975,1.2334068849292872,0.38534757449510487,1.2203672903113512,0
2020-12-14,1.2764577175366278,1.202083526105953,1.2705113439930233,1.196710000150112,1.2373887554604184,1.231743300289858,0.4342405090502601,1.2131002609149446,0
2020-12-15,1.281444952552727,1.2028027404137809,1.2757284980262484,1.197636984083781,1.2401339877604631,1.2347068164724277,0.3745818658407852,1.2366689688957695,0
2020-12-16,1.2825691212631558,1.2035414463666998,1.2777145610732847,1.1991545532471914,1.2410556718513586,1.2364467784268642,0.38953526655567117,1.232937257451883,0
2020-12-17,1.2872881410957502,1.202937127944866,1.281907929375084,1.1980752222611883,1.2429783278327242,1.2378703836623124,0.32572337589750205,1.232937257451883,0
2020-12-18,1.2892908841773199,1.1985803559266721,1.2871161708691117,1.1966151449754128,1.2416404005893287,1.2395757394306777,0.6494518415413035,1.235883394930305,0
2020-12-21,1.2846048191994184,1.2003434675858085,1.2805982355125525,1.1967228606263316,1.2403421053822092,1.2365382763046318,0.5258781382514649,1.2117254281060719,0
2020-12-22,1.2808436379394932,1.1997803617452576,1.2768291068528435,1.1961525730036902,1.238260881710702,1.2344495074143664,0.37285355195057207,1.213885913249719,0
2020-12-23,1.2809783111437225,1.1942062478583275,1.278730938271447,1.1921753770472236,1.2353967137567916,1.23326306999746,0.23164363193523557,1.216733775613148,0
2020-12-24,1.28080387102288,1.1938544752387124,1.2793152895774855,1.1925092972112046,1.235129120399105,1.2337158691534376,0.15143388644474637,1.2244917887379696,0
2020-12-28,1.2815086419948918,1.1942552649339746,1.2800828879995794,1.1929668618351321,1.2356742091917916,1.2343206059904857,0.3108645951068757,1.2257685031704697,0
2020-12-29,1.2824054171660915,1.1939542890988475,1.2792830286486958,1.1911326978181431,1.2359418025494782,1.2329774236266322,0.29984092179371424,1.2157518081563174,0
2020-12-30,1.2826427361903172,1.1907400708920486,1.2810474822051847,1.1892984966901576,1.2343660198163662,1.2328514942332216,0.29066599520225195,1.2210547459004428,0
2020-12-31,1.282068301976695,1.1918817662998347,1.282942919018005,1.1926721265653708,1.234693073091978,1.2355234298231719,0.3073562593052859,1.2361779851673542,0
2021-01-04,1.2813349949299795,1.1895069377228045,1.2825108499020457,1.1905695159759817,1.2330974703862243,1.2342138207942845,0.4453501705830355,1.2171266409651904,0
2021-01-05,1.280545460071987,1.1907675357128977,1.2844655218899281,1.194309955941419,1.2333848758075452,1.2371065614865109,0.5257836005339162,1.238731257293734,0
2021-01-06,1.2711522636826476,1.2103870602257818,1.2773849603441612,1.2160193261841739,1.2392321394602241,1.2451494282642754,0.6841824505606785,1.2696651914166486,0
2021-01-07,1.270536039659469,1.2210940772013337,1.2775145112245714,1.2274002733748834,1.2445640442791792,1.2511893677794477,0.3875832682050666,1.2667190539382265,0
2021-01-08,1.2733952229323542,1.2272455205235937,1.2798726110226692,1.233098905410051,1.24915266057903,1.2553022581140731,0.4020980961172373,1.2622017685288758,0
2021-01-11,1.2758891215248245,1.2323309369544442,1.2819451390233492,1.237803544246724,1.2530078904370894,1.2587574409907747,0.4816973745724943,1.262692752257291,0
2021-01-12,1.2789110123612606,1.2378825351680942,1.2845577487360518,1.2429852896878413,1.2573586433382162,1.2627196245867192,0.32238701653514,1.268879539081874,0
2021-01-13,1.287458712127651,1.236044614554988,1.2889167417383685,1.2373621839777837,1.2604507488865146,1.2618349943840932,0.6601917372883969,1.2463910736728727,-1
2021-01-14,1.296301983763153,1.236788435326808,1.2960553013229987,1.2365655171927052,1.2650393572773577,1.264805158290859,0.6451867929657691,1.2665226604468605,-1
2021-01-15,1.3008985142960303,1.2373702028159068,1.2994905220932866,1.2360978504163165,1.2675269220240517,1.2661901817734096,0.4218152113160497,1.260826935720003,0
2021-01-19,1.319669005051398,1.229992132412449,1.3153473887913247,1.2260868417383264,1.2725615035263576,1.268458584212308,0.4641644094759018,1.2670136441752757,0
2021-01-20,1.3283555391151072,1.2295758111953203,1.3238877664565682,1.225538444190135,1.2764662833160216,1.2722246039006466,0.48142222871107193,1.2774232045414704,-1
2021-01-21,1.3228747929200924,1.2389810452696477,1.3221687993488893,1.238343064027518,1.2788051824498874,1.2781349159374147,1.0782234669414343,1.292841034045431,-1
2021-01-22,1.2665125681928686,1.2703301916372982,1.2569859780147612,1.2617213514395982,1.2685179760191936,1.2594734823653004,3.2730125972741733,1.1647844840050983,0
2021-01-25,1.2348201046420895,1.28019740614068,1.2195409574155427,1.266390185049891,1.2586569227273205,1.2441509822445473,1.1768691360411732,1.164489893768049,0
2021-01-26,1.2251329233171613,1.2774616837796138,1.2104273005635684,1.2641727363255428,1.2526213614255373,1.2386599220033747,0.9196181958635721,1.202887172409426,0
2021-01-27,1.217429366593678,1.2717071115272163,1.204989427572618,1.2604655817564132,1.2459416114678583,1.2341312000376121,1.044455909540393,1.20269077891806,0
2021-01-28,1.2045692938525525,1.2704236311842731,1.190830555659293,1.2580084228660227,1.239162753737963,1.2261192693350143,0.6951373990635176,1.1792202676829182,0
2021-01-29,1.192159439770644,1.2630356410233317,1.1799677690775787,1.2520184624969821,1.2293908982319857,1.2178161914216536,1.0168536910443269,1.1696946347664914,0
2021-02-01,1.1866966417202591,1.253161992508056,1.1782580540020129,1.2455363413776444,1.2216110686116202,1.2135995186615771,0.5374693666967626,1.1837376314615793,0
2021-02-02,1.1829265341767117,1.2384948293313915,1.1787667028674607,1.2347357379543922,1.212116708540643,1.2081673869917589,0.5453286570867898,1.1729352841126524,0
2021-02-03,1.1872978641661605,1.213866963706985,1.1892903153607806,1.2156674708785455,1.2012546833583,1.2031463058432104,0.5774452571125863,1.1697928315121744,0
2021-02-04,1.2252180568308075,1.1595447855964167,1.2375860459809436,1.170721296831789,1.1907197114515689,1.2024618140600014,0.39228688958331637,1.1884513887316062,0
2021-02-05,1.2290444217708487,1.1620865738712505,1.238964400743045,1.171050905509283,1.1938712848268003,1.2032892596932916,0.3925963978498999,1.1960130083650617,0
2021-02-08,1.2315083853671993,1.1693498047675195,1.240345016414343,1.1773351534755716,1.1988563163975017,1.2072457665505427,0.5062986370867191,1.213885913249719,0
2021-02-09,1.2318430763455381,1.1683115650538403,1.2416305668881047,1.177156171617381,1.1984698032039642,1.207761994265485,0.4056064319188271,1.1990572642198567,0
2021-02-10,1.2320794016353105,1.167664074572429,1.2428175845168854,1.1773677879381612,1.198241857700569,1.208436630973165,0.41848748365833344,1.2004320970287297,0
2021-02-11,1.2334947501918319,1.1679509987909797,1.2414235982605488,1.175116016357526,1.1990644419282552,1.2065920477871692,0.46275423555691797,1.1873711461597825,0
2021-02-12,1.238197425011786,1.1668897884637548,1.2425636776184394,1.1708354154142928,1.2007393324335836,1.2048846292558322,0.3328775793280374,1.1862909035879587,0
2021-02-16,1.2370749009813444,1.1670174446863746,1.2390748146099888,1.168824695393744,1.2002735314404718,1.202172238720247,0.570944597033801,1.1791220709372352,0
2021-02-17,1.238873578211983,1.1663919796857916,1.237792919351707,1.1654154267678625,1.2007988002605166,1.1997728285307518,0.3404359931561269,1.1781401034804047,0
2021-02-18,1.2444089500048503,1.1644273534058647,1.2410222904820964,1.1613669498312043,1.20239440296627,1.199179126567393,0.46417304118054753,1.1856034479988675,0
2021-02-19,1.237855415722182,1.1665196545413723,1.2327737301633515,1.1619275163163583,1.200382549199009,1.195558024166585,0.5656906839327066,1.1685161954489847,0
2021-02-22,1.2372704354113524,1.1652936881820462,1.2335881347520277,1.1619661242432866,1.1994608571991061,1.195964900689764,0.5055419243127744,1.186880084062057,0
2021-02-23,1.2414030166841996,1.1560879418948602,1.240813939912354,1.155555614199621,1.196586779258875,1.196027512929054,0.3896384359778657,1.1854070545075013,0
2021-02-24,1.2382931567143813,1.160992394041364,1.2413442683573694,1.1637495749496167,1.1976868589215612,1.200583567961879,0.500451438152973,1.2099578083144666,0
2021-02-25,1.2378970882830183,1.1617842387096273,1.2432299760192604,1.1666033793943065,1.1979148044249568,1.2029778194582064,0.4894277648398116,1.20269077891806,0
2021-02-26,1.2329230922509398,1.1625434938325199,1.2356673901451523,1.1650234180850032,1.1959525005893001,1.1985579223010092,0.7782793757255256,1.1679269366055762,0
2021-03-01,1.2328701261790966,1.1624781506011113,1.235303358553006,1.1646769760233482,1.1958930327623674,1.1982031305363687,0.4913796809837052,1.1857016447445503,0
2021-03-02,1.233345965479822,1.1625386791739416,1.234423863460743,1.1635127371835428,1.1961507082247256,1.1971740587904283,0.3890365184405683,1.1816753430636149,1
2021-03-03,1.2344963425974562,1.166008199181452,1.2360454029766061,1.167408029867077,1.1985193373175538,1.19999000693877,0.6366825909286374,1.2016105363462364,0
2021-03-04,1.2333862333748433,1.1658416572651262,1.233738824592005,1.1661602813884386,1.1979048865296285,1.1982396347413615,0.6937959499548562,1.1795149362892776,1
2021-03-05,1.2383122425543929,1.1686349204966642,1.238310340455184,1.1686332016373637,1.2017105585470762,1.2017087527042825,0.5975579510043071,1.2062260968705805,0
2021-03-08,1.2348211397512363,1.1792419612250025,1.2374435312142567,1.1816117229780414,1.2056252483230612,1.2081149327223981,0.622485902987696,1.2256702280554765,0
2021-03-09,1.2358581129158481,1.1848515469494008,1.2391832947700574,1.1878563953448908,1.2090642271196133,1.212221136949486,0.48230792381443743,1.2194834412308937,0
2021-03-10,1.2258169436747082,1.2027171601234594,1.234819848992385,1.2108527649669438,1.213682565469419,1.2222298755236973,0.6232254345590601,1.2557203130979335,0
2021-03-11,1.223077343423724,1.2140034858340387,1.2344452445261758,1.2242762531248117,1.2183108217145533,1.2291034460908472,0.44257273464816393,1.2485515588165201,0
2021-03-12,1.2327322574556325,1.2216547777009072,1.241854855216001,1.2298985443412929,1.2269132276535977,1.2355741730714327,0.34482139235643644,1.2531670409715538,0
2021-03-15,1.2382789074226506,1.2314337869380514,1.2466348985756452,1.2389847984946138,1.2346831472876423,1.2426162805013417,0.2941313368940348,1.262692752257291,0
2021-03-16,1.2504999275945758,1.2353134625841637,1.256022296521407,1.2403038306712766,1.242522436825933,1.2477653442859349,0.4001203670661173,1.259353827796137,0
2021-03-17,1.2575200733266618,1.2415535519900427,1.262016552087141,1.2456168596770125,1.2491328168793658,1.253401749714062,0.36900981276846145,1.267111919290269,0
2021-03-18,1.2799849317084366,1.2400249955817662,1.2809070658270243,1.2408582953374343,1.2589938701712386,1.2598693393609146,0.5018014367595693,1.2772268110501044,0
2021-03-19,1.2957360104395945,1.2372432592827374,1.293693821209782,1.2353978056204897,1.2650096115003802,1.263070767991447,0.8465540220989725,1.2658352832270792,0
2021-03-22,1.3034665340542897,1.2410868132717778,1.3013230498567954,1.2391498229554598,1.27069829955391,1.2686632871455867,0.3581323029873014,1.282038686696504,0
2021-03-23,1.3213210722587663,1.2368004567332151,1.317270759534829,1.2331403334006068,1.2769221664138053,1.2730768212228136,0.3745990470433658,1.2811549159853568,0
2021-03-24,1.3228927348380983,1.2405684866663755,1.320078955312303,1.2380257743384326,1.2796475866502155,1.2769761994498934,0.34438281955372113,1.2827261422855956,0
2021-03-25,1.3227476903553612,1.2518873665370533,1.3217541616127564,1.2509895500028057,1.2855245723528497,1.284581321489797,0.4775785717356722,1.3067858339948357,0
2021-03-26,1.3143158506966832,1.27605283115043,1.3170037827568228,1.2784818196064665,1.2942161839867972,1.2967680922777505,0.47874804440510577,1.3392910727872995,0
2021-03-29,1.3142864088923898,1.2898142395456718,1.3188903659212818,1.2939746715153277,1.3014311127508418,1.3058020848775007,0.39749772636789293,1.3341845285345404,0
2021-03-30,1.321861279430238,1.2951945733210581,1.3253225718064623,1.2983224199469061,1.3078531872461625,1.3111393196761025,0.411917934355804,1.322989315833571,0
2021-03-31,1.329802699800893,1.2959987082695925,1.3306769059118457,1.2967886971920028,1.3120453724571475,1.3128753390532626,0.425220377695445,1.308651728901434,0
2021-04-01,1.3355563481579842,1.296779998828065,1.334560578638893,1.2958801573839251,1.3151870279370503,1.3142416496928115,0.35031600670708113,1.3083570602950747,0
2021-04-05,1.3470182602424123,1.299685387623808,1.344985985408119,1.2978488932476309,1.3221541754070427,1.3202247445720758,0.4704673624149438,1.3348718273850115,0
2021-04-06,1.3552977949805383,1.2991274643125026,1.351345110450046,1.295555564100701,1.3257913697480277,1.3220387122406194,0.31136334322197856,1.318079165072178,0
2021-04-07,1.3666823008287472,1.2972729875280073,1.3609742699830831,1.2921148433783,1.3302214025397217,1.324802228649102,0.2559009415710048,1.3250515258622253,0
2021-04-08,1.381996582954137,1.291923937880273,1.3743332729353175,1.2849988775907,1.334681181108393,1.3274056756508048,0.3514510347646426,1.3269174991381336,0
2021-04-09,1.3868331412130568,1.2925718102948942,1.3797944840947678,1.2862112265807968,1.3373174114679152,1.3306349481260378,0.2600197444078268,1.3329078924713504,0
2021-04-12,1.3873801204650607,1.2887004122432408,1.3828292849751882,1.284587984316157,1.335543405281363,1.3312228664591252,0.322799776430629,1.3217126797703813,0
2021-04-13,1.3738372002389743,1.2921091399447822,1.3682063275287515,1.2870207208536266,1.3309052311409006,1.325559310770512,0.6907863622683692,1.288225473521087,1
2021-04-14,1.3700385098278753,1.2915987950759913,1.3644606189967008,1.2865582538216662,1.328833917455714,1.3235382977973182,0.5045788726944409,1.3024649420768513,1
2021-04-15,1.3682208360352,1.2919584322175772,1.3615161906757882,1.2858996830321587,1.3281599909318484,1.3217946365635924,0.33397824498043766,1.3019738799791256,1
2021-04-16,1.3689158705428943,1.2920095498254673,1.3622497062714747,1.285985574628534,1.3285167741664232,1.3221879535368533,0.4550324769942464,1.311892378247595,0
2021-04-19,1.3685714061356686,1.2870193679465074,1.3642854749407167,1.2831463245945987,1.325731901921095,1.3216628618166042,0.7049830502093106,1.3072768960925611,1
2021-04-20,1.3612906787437673,1.3010321071937816,1.3620051108372806,1.3016777140279348,1.3296366896197664,1.3303149676200907,1.3311492654378243,1.3567711906892246,0
2021-04-21,1.338589894749149,1.3378088990985693,1.3479924165606618,1.3463056231328112,1.3381796356408853,1.3471063394525224,1.0240337073820887,1.4097024497541046,0
2021-04-22,1.334889199414007,1.352774825724058,1.3480236759813,1.3646439843353,1.3442845668469152,1.3567543685009302,0.6106367098835567,1.3874104562057799,0
2021-04-23,1.3313794436370332,1.368586992846281,1.3480171602414301,1.3836219046902924,1.350924668950303,1.3667204279186638,0.39176232856098714,1.398703787283122,0
2021-04-26,1.3340626462917744,1.3793310622078239,1.3503704416514186,1.3940678359750625,1.3578422664886909,1.3733247999956155,0.40507332139856306,1.3902582401998984,0
2021-04-27,1.3501791324260712,1.3851995543972893,1.3617083523864424,1.395618099793632,1.3685754539398547,1.379521233575211,0.33397824498043766,1.3945792104871932,0
2021-04-28,1.365029316574877,1.3913445101698967,1.372952482784407,1.3985043932426886,1.378852758293235,1.3863749698254906,0.32401224320986954,1.4043013936336066,0
2021-04-29,1.3851401007075648,1.3951694067758462,1.3891515164977315,1.3987943803349518,1.3904085220630777,1.3942169387136296,0.374384076494331,1.416478417052786,0
2021-04-30,1.4087412042721432,1.389482232540087,1.4063777365245682,1.387346450925586,1.3986244148085853,1.396380551196897,0.7629046656172158,1.3933025744240035,0
2021-05-03,1.4486708350721977,1.3753409475151481,1.4414787497639787,1.3688417162110698,1.4101504486194656,1.4033223213764223,0.49301345715636957,1.4214868429291723,0
2021-05-04,1.4637079700990494,1.3760720660966923,1.4564731361112166,1.3695342043335956,1.4176725948684652,1.4108038822581235,0.5460681886581539,1.4313071444519585,0
2021-05-05,1.4625036060225938,1.3803111058298647,1.4589670995643593,1.3771152909173014,1.4193276654011517,1.4159701251248882,0.4299324663649187,1.426102325084206,0
2021-05-06,1.4594054516596675,1.3965814563102912,1.4589413629552923,1.3961620758794309,1.4264038385386888,1.4259632352102058,0.6452126058729954,1.457527321304846,0
2021-05-07,1.4629801429866423,1.3990676636328683,1.4623470556873883,1.398495565191708,1.4294067463010918,1.4288056966124403,0.6022184960660389,1.4284592037192196,0
2021-05-10,1.4706546393075064,1.4008110691597637,1.469016841100849,1.3993310492603463,1.4339656247329722,1.4324107078939428,0.600490099969115,1.4354315645092668,0
2021-05-11,1.4772814801732588,1.3989921137156756,1.4727424194845828,1.3948903262570034,1.436155866163017,1.4318465062739236,0.6127864153739044,1.4162820235614197,0
2021-05-12,1.470293127690251,1.402099929184926,1.4615003782564095,1.3941542347277103,1.4344710577623603,1.426123268577789,0.5124554264937596,1.3876068496971459,0
2021-05-13,1.4701801155985896,1.4020700122269663,1.4619753774423045,1.394655682615754,1.4344016957671215,1.4266121613378033,0.39518467614296304,1.4157911182023148,0
2021-05-14,1.478205345257739,1.4001005099121084,1.468467000532772,1.3913003146733112,1.4371766659351362,1.4279311336494298,0.23624400168457993,1.4207993873400808,0
2021-05-17,1.4786261543153298,1.4003994202349885,1.4704648226299954,1.393024315505394,1.4375334412607035,1.4297851167022528,0.3676082705541234,1.4250220825123823,0
2021-05-18,1.4764176642787497,1.3989237302432924,1.4694972807835753,1.392670026189384,1.4357098930515542,1.4291397180535315,0.32882758350824864,1.4132378460759352,0
2021-05-19,1.4729421584031228,1.398234541805769,1.466218109319624,1.392158258166072,1.4336980471933005,1.4273142710333973,0.369809519652213,1.4061672101708946,0
2021-05-20,1.478851797778954,1.384328828457414,1.4766034382578304,1.3822970660468918,1.4291986286793454,1.4270640482008858,0.35362655316221675,1.4129431774695758,0
2021-05-21,1.4792205603321584,1.3826371998043592,1.4791404103074821,1.3825647710820799,1.428485062210196,1.4284089682063617,0.34683348381271767,1.421388567814179,0
2021-05-24,1.4814111131690335,1.377922042864604,1.4839656818286147,1.380230515566088,1.4270480271945842,1.4294733209878567,0.2835547858815235,1.4211921743228129,0
2021-05-25,1.4809920573233468,1.3774894761547902,1.4831476327641047,1.3794373928969437,1.4266218740557635,1.4286683658256334,0.33855280182255565,1.4120593283891183,0
2021-05-26,1.4922227496813267,1.3712649203112484,1.4907351710471741,1.369920648488539,1.428683277754629,1.4272709785725797,0.2651704880867268,1.4080330267081826,0
2021-05-27,1.4916838140620376,1.3710916069862538,1.4901924570524063,1.3697439207802133,1.4283364045063751,1.426920518154898,0.48413948933355594,1.4123539969954777,0
2021-05-28,1.491142698725861,1.3698071361238904,1.4901787173803764,1.3689360205199137,1.4274048025201513,1.4264896037975547,0.21794577431610798,1.4115682662913929,0
2021-06-01,1.492585855392463,1.3667673100223863,1.4930649924383796,1.3672002891034614,1.4264930363245842,1.4269479264678695,0.20787652091663442,1.4159875116936809,0
2021-06-02,1.4894758193754192,1.3729925516377928,1.4913643988923722,1.374699193674254,1.4282868466657634,1.4300798539366342,0.23964053635932947,1.431012475845599,0
2021-06-03,1.4910372428078709,1.3760340278685979,1.4928386761922525,1.3776619190492831,1.430625745799629,1.4323360169993278,0.35518297281991296,1.429343052799677,0
2021-06-04,1.4861500871629005,1.3871291098468665,1.489749725386528,1.3903819746870016,1.4341341024094347,1.437551579645385,0.26810263705153464,1.4477070197820598,0
2021-06-07,1.4819362303321713,1.397125228071209,1.4877454284472655,1.4023747934786253,1.4373847835568825,1.4429000051108567,0.297751391615754,1.4535991380002835,0
2021-06-08,1.4779093466572342,1.4089711066309671,1.4857797524342748,1.4160833119802956,1.441695904421733,1.4491680254821717,0.43682878734332325,1.4639105016207952,0
2021-06-09,1.475721124704437,1.4239286560059785,1.4848480788649254,1.4321763593699732,1.448514402096912,1.457179483457671,0.45602134151980644,1.4796229213618048,0
2021-06-10,1.4804969783546358,1.4331212765005548,1.488807186511892,1.4406309155947026,1.4556103952070911,1.4635000622900267,0.4091749430328045,1.4783462852986151,0
2021-06-11,1.4864468879401467,1.4418189332182527,1.4938212408638962,1.4484828732739392,1.4630037037249115,1.4700048748652104,0.2956533119398589,1.4856133146950217,0
2021-06-14,1.4985721479168748,1.4427288016757864,1.5026137830431305,1.446381083372474,1.4692374884801354,1.4730745952063986,0.28761341340595803,1.4733380161608491,0
2021-06-15,1.512722174415389,1.4396958678274931,1.5127407204876322,1.4397126272523506,1.4743612598593292,1.4743788674009126,0.21611420879698945,1.4667582856149137,0
2021-06-16,1.5200437497143144,1.4370604527436925,1.5160798149461086,1.4334783860928135,1.4764524014261649,1.4726890630033709,0.33353967217772235,1.4517333214629953,0
2021-06-17,1.520307952936171,1.436916043199148,1.5106030772526062,1.428146092740867,1.476501959266777,1.4672882023095886,0.37554491745911883,1.4298341148974025,0
2021-06-18,1.5004298889000323,1.446766555864657,1.485852315051226,1.433593321644617,1.472240396242538,1.4584005257642556,0.7873511328947934,1.4054797545818032,0
2021-06-21,1.4976538736230907,1.4466904319190983,1.483546933811562,1.4339424929141116,1.4708826411174933,1.4574895880716692,0.3685025151554237,1.4401453217792939,0
2021-06-22,1.4935492235894203,1.4452868487289063,1.480935781563873,1.4338885304732911,1.4681968687353741,1.4562217344826196,0.20955329119910573,1.4372975377851753,0
2021-06-23,1.4862290691888593,1.4404687243159209,1.4755274806175676,1.4307980799248672,1.4621910373925535,1.452031006562,0.2753859050182018,1.4201119317509892,0
2021-06-24,1.483904511104952,1.4329474455520272,1.47649053292148,1.426247697560619,1.4571366280085984,1.4500978368591046,0.3103916598989992,1.4282628102278534,0
2021-06-25,1.4887160420592052,1.4202227366603304,1.48692810476252,1.4186070414133531,1.452736325175867,1.4510388670894903,0.30905884249498355,1.4420112950552024,0
2021-06-28,1.490930639027841,1.409278765643103,1.491959830144567,1.410208808994516,1.4480386911174792,1.4490157996473771,0.3343995543738615,1.4267897806732976,0
2021-06-29,1.4954394200441499,1.3980162295077843,1.49919582056629,1.4014107548530623,1.4442627569680015,1.4478290634899358,0.20882239133238747,1.429343052799677,0
2021-06-30,1.4976091634797046,1.3937160633859216,1.503611157898564,1.3991398519454616,1.443033839574136,1.4487321009055432,0.2790404043517931,1.4395561413051956,0
2021-07-01,1.4976036101534074,1.3960605279965703,1.5035639237644267,1.4014466510947756,1.4442627569680015,1.449921446763849,0.23097298958761578,1.4420112950552024,0
2021-07-02,1.4775003702273688,1.408378509208467,1.4747774951224857,1.4059179439676002,1.4411904713923451,1.438605388362002,1.4455651411320702,1.375036882556614,0
2021-07-06,1.4529948735884979,1.415675353568649,1.4463817860689865,1.4096993419417705,1.4333908297083453,1.4271123998625532,0.6959628366477846,1.3628597023988143,0
2021-07-07,1.440366303803492,1.4147486610014857,1.4326495566490263,1.407775311475911,1.4269092873860918,1.4195830489983365,0.34908635872526,1.3730727909043328,0
2021-07-08,1.4334049829432323,1.4137380556282848,1.4249854738339771,1.40612964515722,1.4230738933186888,1.4150804564977633,0.47185172342670123,1.3821075184616545,0
2021-07-09,1.4295349831953617,1.4098395919857583,1.4228076208956595,1.4037603143105983,1.4191889414106742,1.412802019701066,0.3357066410773617,1.3897673348407933,0
2021-07-12,1.4273372762444965,1.4006566083103433,1.4236873910580645,1.3973583370797666,1.4133218498763458,1.4098566684432257,0.2874242557641496,1.3838750598839493,0
2021-07-13,1.4236529132216036,1.3945339394799574,1.421479926183515,1.3925702884975137,1.4083566382782864,1.406293616031234,0.27209253976564673,1.3775901546829936,0
2021-07-14,1.421404459875176,1.385755299154027,1.4212692562256535,1.3856331204320367,1.4026778602110777,1.4025494985908937,0.3786491250698654,1.3730727909043328,0
2021-07-15,1.4273017644254309,1.3688421056020745,1.4315450963506307,1.372676653511335,1.3965927489776897,1.4006213455638037,0.31297130648741656,1.3792595777289156,0
2021-07-16,1.4457947850284065,1.3371506193951406,1.453723048541535,1.3443151087196237,1.3887237136624213,1.3962507645473925,0.35335140730079445,1.3640380633470108,0
2021-07-19,1.4386549736488183,1.339640661243692,1.4431488677500548,1.3437016332661724,1.3866424899909138,1.3909089689639784,0.7379767136338268,1.3544143120542111,0
2021-07-20,1.4413664241864848,1.3394355247488785,1.4439054076286297,1.3417299136445258,1.3878218495441677,1.3902323468155409,1.170445832477356,1.3745458204588885,0
2021-07-21,1.441530789349967,1.342079237096106,1.444466025535695,1.3447317054812276,1.3892886224277496,1.392075319930021,0.41308740702523755,1.3876068496971459,0
2021-07-22,1.4415321425184477,1.3420214033659876,1.4449671516980709,1.3451254988033001,1.3892588845597795,1.392520063863741,0.28498214100308794,1.3818128498552953,0
2021-07-23,1.441803014515635,1.3414370206954513,1.4470049314582898,1.3461378077392705,1.3890804889879884,1.3940191610517914,0.3847284757552269,1.3879996366798781,0
2021-07-26,1.4383855028103723,1.3480156084017383,1.4456622393262313,1.3545913359868038,1.390913955092466,1.3978224497383238,0.3651317933879005,1.4020426333749658,0
2021-07-27,1.4370328139627115,1.3538979973202243,1.4449708439173332,1.361071312229995,1.3933618719848688,1.400898195077047,0.26974504492884477,1.4018462398835998,0
2021-07-28,1.4387794843354509,1.3559985505152856,1.445472572065693,1.3620468554829173,1.3952944379525554,1.401648819569625,0.2187368494952138,1.3922223318521798,0
2021-07-29,1.4396468328020715,1.3580070018924046,1.4457455351456319,1.3635181819586684,1.3967612108361376,1.402551286152915,0.2296659028841156,1.393793636521729,0
2021-07-30,1.4451276162849376,1.3569407334183277,1.4480126079656797,1.3595477976340506,1.398802810380376,1.4015418060189173,0.30401998214963477,1.3842680036053019,0
2021-08-02,1.459849482201445,1.3502403498395816,1.4590839633233106,1.3495485776979264,1.4022715112268835,1.401544731707058,0.2519024893589578,1.3887852106453424,0
2021-08-03,1.4610442025054322,1.3568959735149304,1.461030910157873,1.3568839616939272,1.4063348587066895,1.4063222390231618,0.3512360642156078,1.414808994006864,0
2021-08-04,1.4623961720295655,1.358428759529129,1.4624896937789573,1.3585132718027202,1.4077818116176297,1.4078706006652386,0.24335529321201924,1.4019445149985932,0
2021-08-05,1.466441349834765,1.35865976665612,1.465737796717943,1.358023990765683,1.4098233953438533,1.4091554457856899,0.23710388388071904,1.4020426333749658,0
2021-08-06,1.4673257960012323,1.3630487945261849,1.467364152598981,1.3630834560172713,1.4125488076712565,1.4125852232195728,0.32905973525986404,1.41500538749823,0
2021-08-09,1.4643551332152787,1.3628655722255554,1.4635457089919,1.3621341243873533,1.4110423948423907,1.4102739318231166,0.4216948606912746,1.3871157875994204,0
2021-08-10,1.4622708042797334,1.3621643959718057,1.4611463887565441,1.3611483017162564,1.4096846397173461,1.4086171256463416,0.45572893224909256,1.3883924236626104,0
2021-08-11,1.462861933663435,1.3623094239951439,1.4613573839080873,1.360949815974738,1.410041430860928,1.408613019387379,0.3663098155552689,1.3957577281740101,0
2021-08-12,1.4636835224303744,1.363717746767977,1.4627694875466501,1.3628917660023525,1.41117123257357,1.4103034527540623,0.17960357786623768,1.4049886924840778,0
2021-08-13,1.467918584814241,1.3640790065723913,1.4663527160889356,1.3626639867830745,1.4133713760809279,1.4118847487059618,0.1642461311672194,1.4060689350559015,0
2021-08-16,1.4711885812449617,1.365218050718408,1.4694983950778973,1.36369068968528,1.415521977565689,1.4139173238778417,0.23949437282732802,1.410095236736837,0
2021-08-17,1.4713698735172092,1.361941255107814,1.4709331311516183,1.3615465865892105,1.4138867270056443,1.4134720861446308,0.26431060589058764,1.3986055121681287,0
2021-08-18,1.4590430081446468,1.3668735179981863,1.4560579330702743,1.3641760119847057,1.4106261279628685,1.4077921136868476,0.30187882615722184,1.3696356696974954,0
2021-08-19,1.443151243770002,1.372272770529109,1.4374776081259872,1.3671457080979421,1.405918591827167,1.40053207255664,0.3577196252985234,1.3553962795110415,0
2021-08-20,1.4378894330674885,1.3676321958965638,1.4332264926232225,1.3634184627154804,1.4009831180970778,1.3965561474320058,0.22853950653119987,1.3661004301142854,0
2021-08-23,1.4346295812597667,1.3675027701901057,1.4292097059379478,1.362605021922922,1.3993676875096746,1.39422208692892,0.261369825221134,1.3711086992520514,0
2021-08-24,1.432157612404447,1.3668311653724055,1.4267514038421196,1.3619457672689512,1.3978414547081672,1.3927088292756218,0.2034137652013567,1.3732691843956988,0
2021-08-25,1.4299446157291276,1.364548265207025,1.425641882515653,1.3606600384694814,1.3955917375421822,1.3915067456913628,0.17307710488022607,1.3734655778870648,0
2021-08-26,1.4269972135596596,1.3591180221740486,1.4240869952710096,1.356488161571355,1.391340092413272,1.388577146768394,0.21485874790794196,1.3628597023988143,0
2021-08-27,1.4280566830447505,1.3510479671535387,1.427752931354888,1.3507734775713358,1.387603798209078,1.3873154179827896,0.21148802614041876,1.3690464892233971,0
2021-08-30,1.4339579746603093,1.3369988750751396,1.4365545115443703,1.339345272966138,1.383025099804556,1.3854902380052059,0.17158949223956318,1.3647255189361023,0
2021-08-31,1.441591108415871,1.3261768632074067,1.4473862311985768,1.3314137092383205,1.3809636961056904,1.3864655546145366,0.3641687417695669,1.378179335157092,0
2021-09-01,1.441443079122349,1.3259899070556718,1.446282288177456,1.330362927901516,1.3807952184292276,1.385389537568657,0.21277784943462746,1.3679662466515734,0
2021-09-02,1.4466379660039899,1.325049890972233,1.4498200954989868,1.3279254680463648,1.3827674243421977,1.385788521028975,0.23350101036158047,1.3749386074416208,0
2021-09-03,1.4475598499948406,1.325103530950305,1.4497790754231488,1.3271089659189343,1.383233217426302,1.3853401381531973,0.16520055108090728,1.370715912269319,0
2021-09-07,1.442022106504603,1.327164626888443,1.442598455206445,1.3276854526802055,1.381687164652153,1.3822343470205327,0.28247130143170385,1.3557890664937737,0
2021-09-08,1.4404174595247763,1.3264073150093498,1.44069637366208,1.3266593597800427,1.3805276250715408,1.380792424658556,0.2567091979526912,1.3617794598269906,0
2021-09-09,1.4357750915819916,1.3266027756094751,1.43525928849642,1.3261366627344435,1.3784265814273917,1.3779368807425831,0.3016724873128328,1.3526466138932958,0
2021-09-10,1.4293631510797067,1.329076516376357,1.426857154143365,1.3268119362109931,1.3766823131088097,1.374303133049243,0.34181180466994954,1.3455759779882552,0
2021-09-13,1.4278708518875858,1.328047877155751,1.4256933297644718,1.3260801279785142,1.3754335757423024,1.3733662479098345,0.3563438137847008,1.3566729155742314,0
2021-09-14,1.419648794795331,1.3302895869065994,1.4158714637137906,1.326876147360358,1.3727081634148992,1.3691219855320556,0.3830173430675944,1.3377197681177504,0
2021-09-15,1.4186513485761612,1.3252668817604252,1.4163541623926004,1.323190996434311,1.3695962378939592,1.367415301643886,0.2797970349190268,1.3473436761491706,0
2021-09-16,1.414700211875907,1.3234226993196305,1.412466720500604,1.3214043727228686,1.3667518899126905,1.3646314251721818,0.2273528526591857,1.3397819781464047,0
2021-09-17,1.4093038252993653,1.3192810719820331,1.407383425220472,1.3175456748372252,1.3620146317270339,1.3601914141852107,0.48422547755316986,1.3279977417099573,0
2021-09-20,1.4018663034550705,1.3160594714883953,1.399874663579753,1.3142596974771885,1.3567917446666162,1.3549008924439032,0.41022398287075207,1.3189630141526356,0
2021-09-21,1.3885100230192815,1.3185260325413497,1.3847291371981376,1.315109380703552,1.351747245268982,1.3481576925354117,0.3503590008168881,1.3058037881686952,0
2021-09-22,1.3866573922145022,1.3125781308779008,1.3844332088764937,1.3105682156228806,1.3477433577071016,1.3456317299673106,0.30974674825189485,1.3221054667531134,0
2021-09-23,1.3873834444570012,1.3100164937406222,1.3880224816144833,1.3105939688567236,1.346742377907624,1.3473490763597866,0.25909968689930013,1.3427280372555164,0
2021-09-24,1.3870031659731816,1.311246851562781,1.3900740419258164,1.3140218927736378,1.3472081709917285,1.3501236441616906,0.254903445340799,1.3501914601432892,0
2021-09-27,1.3861191772266797,1.312819202678949,1.39318400871245,1.3192034392365835,1.3476145041579075,1.354321817303981,0.2843544105585642,1.3606992172551668,0
2021-09-28,1.3861321905371558,1.3151657395131677,1.393441326052317,1.3217707449198195,1.3488533236290867,1.355792577711228,0.3710048052288729,1.349995066651923,0
2021-09-29,1.3835523591653445,1.3212326091406117,1.393307649344145,1.3300481173824248,1.3508156274647434,1.360077247673494,0.3245109091182615,1.3667878857033768,0
2021-09-30,1.3828213076729536,1.326609857444421,1.3931848667544104,1.3359750366264445,1.3532932822251165,1.363132389669812,0.500657776997362,1.3643327319533702,0
2021-10-01,1.375120254009311,1.348831991811709,1.3880037963847234,1.3604743901322645,1.361310959426191,1.3735425255034068,0.5678748340349266,1.4074438462340846,0
2021-10-04,1.3761720374191098,1.3663706590698614,1.3892962620925178,1.3782305534097818,1.371023347105235,1.3834834156661446,0.6321080340865194,1.415201780989596,0
2021-10-05,1.3921573980948843,1.371131340723863,1.401399801334116,1.3794833713079115,1.381112353809511,1.3898870419068379,0.599905445841109,1.4057744231881626,0
2021-10-06,1.4073556295448835,1.371981026349792,1.4125479716069287,1.3766731609150706,1.3887732556850183,1.3937028374084905,0.4581795965080891,1.3980163316940304,0
2021-10-07,1.4173021166258912,1.3725769088034967,1.419436040913749,1.374505260170009,1.3938078450963316,1.3958337813776855,0.3288017706010223,1.3926151188349118,0
2021-10-08,1.426165337527406,1.375378019314243,1.4268303677564582,1.3759789834432246,1.3994866231635403,1.4001179992985326,0.32084786028673534,1.4064617220386335,0
2021-10-11,1.4335216784608675,1.376031689230476,1.4323395874800475,1.3749634757183207,1.403322033048958,1.4021997622076114,0.24019091028888506,1.398703787283122,0
2021-10-12,1.445719457158951,1.3706689388506321,1.4394797075509258,1.3650302993957104,1.406295218761406,1.4003712339277394,0.2707425411590505,1.3794559712202816,0
2021-10-13,1.4514984006323755,1.3684276096553738,1.4425839238450018,1.3603719145248154,1.4078610915081966,1.3993977350266233,0.2476890665978761,1.3823039119530207,-1
2021-10-14,1.4640812642845384,1.3654713844343325,1.4546637717366544,1.3569611318789034,1.4122812301315848,1.4033403131830777,0.3625865092046443,1.408131301823176,-1
2021-10-15,1.4622885146935547,1.3695251860314213,1.4572376115072412,1.3649608647399534,1.4135596895480473,1.408764389135102,0.27712285061306063,1.4201119317509892,-1
2021-10-18,1.4624733241914618,1.3659810979979032,1.459619050524253,1.3634017925568054,1.41178569917951,1.409075867058373,0.5291801352086657,1.3976235447112983,-1
2021-10-19,1.4616106584783581,1.3645532840781553,1.4596008587781102,1.3627370996800294,1.410626159598898,1.4087180665357304,0.373145879014575,1.3942846986194544,-1
2021-10-20,1.4609801741038806,1.3642551668785599,1.4589903567252334,1.362457039792675,1.4101702685921071,1.4082811466379648,0.5322069040977333,1.3934989679153695,-1
2021-10-21,1.3802456427562022,1.411780097961611,1.366195349486349,1.3990833484185325,1.396810776585757,1.3834715034629819,2.70574831248119,1.2602376768765944,0
2021-10-22,1.3349682282326412,1.4237545261858962,1.314696280450381,1.4054354890812413,1.3816079084886081,1.3623618299189593,0.9959327407709198,1.2558185098436165,0
2021-10-25,1.3014232255130729,1.4261644428446025,1.2779426920848038,1.4049459211845396,1.3669501212751383,1.344657828690743,0.5480889118190808,1.2534617095779133,0
2021-10-26,1.2736487939409582,1.4260953473373739,1.2478685517749388,1.4027986608088312,1.353729376986288,1.329253753252392,0.7326969876255061,1.2484533620708371,0
2021-10-27,1.2451465202590104,1.4224390009624732,1.2186453115104208,1.3984908026147813,1.3382787355040944,1.313118629960987,0.5996302177729758,1.229205546007997,0
2021-10-28,1.2289681837193744,1.4039481142456085,1.2081537031461118,1.3851388095832617,1.320885610158886,1.30112445386536,0.5591813921492755,1.235785119815312,0
2021-10-29,1.222564259187504,1.3729266474026318,1.2103750149652068,1.3619116615914821,1.3015500246776852,1.2899776215456948,0.508775114252942,1.2285181687882154,0
2021-11-01,1.2248166141521455,1.3406294555028,1.2220046621778458,1.3380883946680449,1.285653410084029,1.2829837579513013,0.5078034309299626,1.2401060901026069,0
2021-11-02,1.2394603267942201,1.2975874170289243,1.2469247326370037,1.3043327346997706,1.2699946430710816,1.2770813099700402,0.388185185742364,1.239124044276466,0
2021-11-03,1.2999991320258915,1.2150148934293492,1.3195981373005692,1.2327258163607577,1.2553566837392611,1.2739638742990897,0.466176500932183,1.2484533620708371,0
2021-11-04,1.30122710824093,1.2102811525977197,1.3187764727252678,1.226139888157064,1.2534529540126966,1.270114226591967,0.592603516951065,1.2413738704337438,0
2021-11-05,1.2969555146664402,1.2168128534043299,1.3151884533032674,1.2332893105757134,1.2548563599286786,1.2721666141444596,0.5582246704476821,1.2697246737230918,0
2021-11-08,1.2910232396647985,1.2271333277304373,1.31012701628256,1.2443967301651093,1.2574616977051447,1.275598720832454,0.4624374108930633,1.2792776575287792,0
2021-11-09,1.2902005303592008,1.2265166884159964,1.3056889164962664,1.240512991256931,1.2567472375181548,1.2714518283010832,0.5948970841855087,1.2413738704337438,0
2021-11-10,1.2918612106668548,1.2261104786003472,1.3019195270976356,1.23519982087199,1.2573221749049155,1.2668714866131177,0.5154607394312791,1.2349025246438174,0
2021-11-11,1.2917694121189292,1.22612253452334,1.298018905124116,1.2317699787392078,1.257284931388886,1.2632181665515947,0.381710420777516,1.2354160787335708,0
2021-11-12,1.2892758021057722,1.22711593663978,1.290473325683957,1.22819809604045,1.2566230581923572,1.2577599806589252,0.44542062173428704,1.221959754694655,0
2021-11-15,1.2839778055431166,1.2282397217971233,1.2823200384261952,1.2267416567048122,1.2546984407771467,1.2531245655617436,0.41483972527503693,1.2210353103115128,0
2021-11-16,1.2779821333855819,1.2293735248885451,1.273886123541708,1.2256721066964256,1.252447901074388,1.2485591712826591,0.390547642200552,1.2168237435812599,0
2021-11-17,1.2709180539733353,1.2288911107104967,1.2658924630496204,1.224349663209092,1.2488411880480725,1.2440699189615678,0.33238639423033844,1.2127149190166817,0
2021-11-18,1.2600331045020992,1.2304587795425639,1.2529344015966501,1.2240439345894982,1.2444976323437151,1.2377581618533449,0.4148890493015841,1.1983341505946234,0
2021-11-19,1.2529123374989004,1.221974417546672,1.247417985971352,1.2170093677852842,1.2366605652365146,1.2314442573452224,0.44228854604854123,1.1920682107667364,0
2021-11-22,1.2587811615648428,1.2007453699716635,1.257491024210195,1.199579518800195,1.2282948047090483,1.227069955219503,0.5274546985533345,1.196382441293354,0
2021-11-23,1.2574521860102845,1.1939341863833894,1.2574607294310165,1.1939419067683803,1.2240860105824418,1.2240941216602934,0.40386512936828994,1.1996694852711545,0
2021-11-24,1.2567621125678128,1.1876705056831816,1.2578977393826982,1.18869673118368,1.2204681063106002,1.2215462643218504,0.2647713745052492,1.1990531890157263,0
2021-11-26,1.2561316972401873,1.1794386820579237,1.2581150244769985,1.1812309442338165,1.2158446508329814,1.217727611081251,0.2730906936495398,1.1896028690064036,0
2021-11-29,1.2569790078200955,1.1777652204887266,1.2615141377746153,1.1818634558829586,1.21536779304747,1.2196734211186235,0.735733621319883,1.2172346338746487,0
2021-11-30,1.2583130099517472,1.173066746182467,1.2636783041043829,1.1779151713912934,1.2135329191396682,1.218626700650948,0.7606340340551164,1.2028537870832803,0
2021-12-01,1.2594251052538346,1.1690226972916729,1.2652125270751209,1.1742525842380673,1.2119364780791262,1.217431025336477,0.48981224562674686,1.2010048199476857,0
2021-12-02,1.2603298579003215,1.1659159305893676,1.2663137621873204,1.171323371741133,1.2107339688610987,1.2164150555182784,0.43299096704439827,1.2007994139856462,1
2021-12-03,1.2576619168227723,1.1726289224774584,1.2642413577313714,1.1785745288605798,1.2129938570106502,1.2192403429443832,0.5450387140174033,1.2207270838144884,0
2021-12-06,1.2556879203886913,1.1820302037032475,1.2626116854809701,1.1882869635860038,1.2169953244162544,1.2235687098844432,0.3934084357402883,1.2317182228316919,0
2021-12-07,1.2506451853754779,1.1966713853968098,1.2590348878662638,1.2042528606885043,1.222292603600642,1.2302577421777525,0.4269816564767338,1.248872481141797,0
2021-12-08,1.2457109381579134,1.2134247653877743,1.2559214324953223,1.2226516254129143,1.228750925077055,1.2384447136741574,0.4508133819701118,1.2636641398572441,0
2021-12-09,1.2452455190158531,1.22734361970923,1.2561347702315284,1.23718384814729,1.2358416033342352,1.246179800073521,0.3782412975770312,1.269313783429703,0
2021-12-10,1.252084783872652,1.2375032390341467,1.2616314423798067,1.2461302142659534,1.244425059291456,1.253488605709383,0.4083125124286271,1.2746552005051375,0
2021-12-13,1.2555759757177893,1.2423999818638545,1.263968569170452,1.2499840696148181,1.2486545908355675,1.2566224740763883,0.562910452969664,1.2591445033685873,0
2021-12-14,1.2647642560997703,1.247239928388867,1.270928134586191,1.2528100058137968,1.2555586797892497,1.2614106329867234,0.46990178024386947,1.2712654927309726,0
2021-12-15,1.2792608920830413,1.2463553873240425,1.2815018372061766,1.2483804496072108,1.2619755422486683,1.2641030835374178,0.41021148745069347,1.2645886626096967,1
2021-12-16,1.296291016543812,1.2487859642681474,1.296590887723174,1.2490569471712385,1.2713364852731592,1.2716211813635776,0.5985059587945438,1.2935557621544729,0
2021-12-17,1.30513531004953,1.2576862843936434,1.3054858766861752,1.2580030789756607,1.280210209712394,1.2805430357982366,0.85322345255526,1.3086556473669442,0
2021-12-20,1.3159392315771636,1.2620331962584947,1.3154964681954575,1.2616330867621022,1.28762224675983,1.2872018895783885,0.40621624130037204,1.3051631190577944,0
2021-12-21,1.3183287223935367,1.2744575640866709,1.319347229232621,1.2753779524369633,1.2952830853632777,1.296250050297249,0.39919578818849044,1.3247827191282324,0
2021-12-22,1.318556345632738,1.2875330769628017,1.3215724849355053,1.290258654612945,1.3022597394602116,1.3051232459481705,0.32251336824981175,1.3327948839260393,0
2021-12-23,1.3195576920975136,1.3005606400856626,1.3242588897084653,1.3048089449055231,1.309578489764906,1.3140417815789762,0.29997228811775156,1.3418343136419733,0
